  3.31795E-03,  3.35708E-03,  3.39550E-03,  3.43313E-03,  3.46990E-03,  3.50575E-03,  3.54063E-03,  3.57450E-03,  3.60734E-03,  3.63916E-03,  3.66996E-03,  3.69981E-03,  3.72878E-03,  3.75696E-03,  3.78450E-03,  3.81157E-03,  3.83836E-03,  3.86513E-03,  3.89212E-03,  3.91964E-03,  3.94799E-03,  3.97750E-03,  4.00848E-03,  4.04126E-03,  4.07610E-03,  4.11326E-03,  4.15290E-03,  4.19512E-03,  4.23991E-03,  4.28713E-03,  4.33649E-03,  4.38756E-03,  4.43969E-03,  4.49209E-03,  4.54373E-03,  4.59344E-03,  4.63983E-03,  4.68138E-03,  4.71644E-03,  4.74327E-03,  4.76007E-03,  4.76508E-03,  4.75661E-03,  4.73306E-03,  4.69305E-03,  4.63543E-03,  4.55931E-03,  4.46414E-03,  4.34969E-03,  4.21608E-03,  4.06377E-03,  3.89354E-03,  3.70647E-03,  3.50387E-03,  3.28730E-03,  3.05846E-03,  2.81915E-03,  2.57127E-03,  2.31672E-03,  2.05738E-03,  1.79509E-03,  1.53160E-03,  1.26856E-03,  1.00749E-03,  7.49790E-04,  4.96718E-04,  2.49388E-04,  8.77301E-06, -2.24291E-04, -4.49102E-04, -6.65080E-04, -8.71768E-04, -1.06881E-03, -1.25597E-03, -1.43307E-03, -1.60006E-03, -1.75691E-03, -1.90371E-03, -2.04057E-03, -2.16766E-03, -2.28520E-03, -2.39344E-03, -2.49265E-03, -2.58316E-03, -2.66527E-03, -2.73933E-03, -2.80570E-03, -2.86471E-03, -2.91674E-03, -2.96215E-03, -3.00129E-03,
  3.42942E-03,  3.47165E-03,  3.51315E-03,  3.55382E-03,  3.59359E-03,  3.63239E-03,  3.67014E-03,  3.70681E-03,  3.74237E-03,  3.77679E-03,  3.81011E-03,  3.84237E-03,  3.87363E-03,  3.90403E-03,  3.93371E-03,  3.96286E-03,  3.99172E-03,  4.02057E-03,  4.04971E-03,  4.07951E-03,  4.11034E-03,  4.14260E-03,  4.17671E-03,  4.21306E-03,  4.25204E-03,  4.29398E-03,  4.33916E-03,  4.38776E-03,  4.43984E-03,  4.49532E-03,  4.55396E-03,  4.61531E-03,  4.67871E-03,  4.74328E-03,  4.80789E-03,  4.87119E-03,  4.93159E-03,  4.98731E-03,  5.03640E-03,  5.07678E-03,  5.10632E-03,  5.12287E-03,  5.12438E-03,  5.10891E-03,  5.07477E-03,  5.02053E-03,  4.94513E-03,  4.84786E-03,  4.72844E-03,  4.58702E-03,  4.42414E-03,  4.24075E-03,  4.03814E-03,  3.81790E-03,  3.58187E-03,  3.33208E-03,  3.07068E-03,  2.79986E-03,  2.52187E-03,  2.23887E-03,  1.95297E-03,  1.66617E-03,  1.38033E-03,  1.09715E-03,  8.18171E-04,  5.44782E-04,  2.78185E-04,  1.94239E-05, -2.30619E-04, -4.71215E-04, -7.01774E-04, -9.21842E-04, -1.13109E-03, -1.32928E-03, -1.51631E-03, -1.69213E-03, -1.85679E-03, -2.01041E-03, -2.15316E-03, -2.28527E-03, -2.40700E-03, -2.51868E-03, -2.62063E-03, -2.71321E-03, -2.79680E-03, -2.87179E-03, -2.93859E-03, -2.99758E-03, -3.04919E-03, -3.09382E-03, -3.13185E-03,
  3.54555E-03,  3.59113E-03,  3.63596E-03,  3.67993E-03,  3.72296E-03,  3.76495E-03,  3.80583E-03,  3.84552E-03,  3.88400E-03,  3.92122E-03,  3.95722E-03,  3.99202E-03,  4.02571E-03,  4.05840E-03,  4.09026E-03,  4.12151E-03,  4.15242E-03,  4.18330E-03,  4.21452E-03,  4.24652E-03,  4.27974E-03,  4.31467E-03,  4.35184E-03,  4.39175E-03,  4.43492E-03,  4.48179E-03,  4.53277E-03,  4.58816E-03,  4.64811E-03,  4.71264E-03,  4.78156E-03,  4.85443E-03,  4.93060E-03,  5.00910E-03,  5.08869E-03,  5.16782E-03,  5.24468E-03,  5.31717E-03,  5.38299E-03,  5.43967E-03,  5.48463E-03,  5.51528E-03,  5.52911E-03,  5.52377E-03,  5.49716E-03,  5.44755E-03,  5.37360E-03,  5.27446E-03,  5.14976E-03,  4.99969E-03,  4.82492E-03,  4.62658E-03,  4.40626E-03,  4.16587E-03,  3.90764E-03,  3.63397E-03,  3.34742E-03,  3.05060E-03,  2.74609E-03,  2.43642E-03,  2.12402E-03,  1.81115E-03,  1.49991E-03,  1.19220E-03,  8.89737E-04,  5.94012E-04,  3.06331E-04,  2.78022E-05, -2.40652E-04, -4.98281E-04, -7.44499E-04, -9.78863E-04, -1.20107E-03, -1.41093E-03, -1.60837E-03, -1.79342E-03, -1.96616E-03, -2.12679E-03, -2.27553E-03, -2.41268E-03, -2.53858E-03, -2.65359E-03, -2.75813E-03, -2.85260E-03, -2.93745E-03, -3.01312E-03, -3.08008E-03, -3.13877E-03, -3.18966E-03, -3.23318E-03, -3.26979E-03,
  3.66658E-03,  3.71580E-03,  3.76425E-03,  3.81182E-03,  3.85839E-03,  3.90386E-03,  3.94812E-03,  3.99110E-03,  4.03273E-03,  4.07299E-03,  4.11185E-03,  4.14936E-03,  4.18559E-03,  4.22066E-03,  4.25475E-03,  4.28811E-03,  4.32102E-03,  4.35386E-03,  4.38706E-03,  4.42111E-03,  4.45656E-03,  4.49402E-03,  4.53411E-03,  4.57750E-03,  4.62482E-03,  4.67670E-03,  4.73368E-03,  4.79621E-03,  4.86460E-03,  4.93897E-03,  5.01922E-03,  5.10498E-03,  5.19558E-03,  5.28999E-03,  5.38685E-03,  5.48443E-03,  5.58060E-03,  5.67295E-03,  5.75873E-03,  5.83499E-03,  5.89863E-03,  5.94650E-03,  5.97553E-03,  5.98283E-03,  5.96583E-03,  5.92237E-03,  5.85080E-03,  5.75006E-03,  5.61973E-03,  5.46001E-03,  5.27174E-03,  5.05632E-03,  4.81567E-03,  4.55216E-03,  4.26844E-03,  3.96744E-03,  3.65217E-03,  3.32572E-03,  2.99114E-03,  2.65135E-03,  2.30913E-03,  1.96706E-03,  1.62750E-03,  1.29258E-03,  9.64164E-04,  6.43885E-04,  3.33136E-04,  3.30856E-05, -2.55314E-04, -5.31305E-04, -7.94311E-04, -1.04392E-03, -1.27987E-03, -1.50203E-03, -1.71038E-03, -1.90501E-03, -2.08609E-03, -2.25387E-03, -2.40866E-03, -2.55084E-03, -2.68081E-03, -2.79902E-03, -2.90595E-03, -3.00208E-03, -3.08791E-03, -3.16397E-03, -3.23077E-03, -3.28882E-03, -3.33863E-03, -3.38070E-03, -3.41552E-03,
  3.79279E-03,  3.84596E-03,  3.89836E-03,  3.94984E-03,  4.00028E-03,  4.04955E-03,  4.09751E-03,  4.14407E-03,  4.18915E-03,  4.23267E-03,  4.27463E-03,  4.31504E-03,  4.35396E-03,  4.39151E-03,  4.42789E-03,  4.46334E-03,  4.49821E-03,  4.53289E-03,  4.56790E-03,  4.60381E-03,  4.64126E-03,  4.68100E-03,  4.72378E-03,  4.77044E-03,  4.82178E-03,  4.87863E-03,  4.94171E-03,  5.01167E-03,  5.08901E-03,  5.17401E-03,  5.26671E-03,  5.36681E-03,  5.47366E-03,  5.58622E-03,  5.70299E-03,  5.82202E-03,  5.94088E-03,  6.05673E-03,  6.16633E-03,  6.26615E-03,  6.35242E-03,  6.42132E-03,  6.46908E-03,  6.49213E-03,  6.48728E-03,  6.45187E-03,  6.38384E-03,  6.28189E-03,  6.14549E-03,  5.97491E-03,  5.77119E-03,  5.53610E-03,  5.27199E-03,  4.98176E-03,  4.66865E-03,  4.33618E-03,  3.98798E-03,  3.62770E-03,  3.25890E-03,  2.88499E-03,  2.50916E-03,  2.13435E-03,  1.76319E-03,  1.39805E-03,  1.04097E-03,  6.93703E-04,  3.57732E-04,  3.42701E-05, -2.75711E-04, -5.71463E-04, -8.52439E-04, -1.11827E-03, -1.36876E-03, -1.60384E-03, -1.82357E-03, -2.02811E-03, -2.21774E-03, -2.39278E-03, -2.55364E-03, -2.70077E-03, -2.83468E-03, -2.95589E-03, -3.06495E-03, -3.16244E-03, -3.24894E-03, -3.32503E-03, -3.39129E-03, -3.44831E-03, -3.49665E-03, -3.53687E-03, -3.56950E-03,
  3.92445E-03,  3.98193E-03,  4.03863E-03,  4.09441E-03,  4.14908E-03,  4.20251E-03,  4.25453E-03,  4.30502E-03,  4.35386E-03,  4.40096E-03,  4.44628E-03,  4.48981E-03,  4.53159E-03,  4.57175E-03,  4.61046E-03,  4.64801E-03,  4.68475E-03,  4.72114E-03,  4.75774E-03,  4.79523E-03,  4.83437E-03,  4.87603E-03,  4.92115E-03,  4.97074E-03,  5.02583E-03,  5.08746E-03,  5.15662E-03,  5.23420E-03,  5.32092E-03,  5.41730E-03,  5.52355E-03,  5.63952E-03,  5.76464E-03,  5.89785E-03,  6.03752E-03,  6.18149E-03,  6.32698E-03,  6.47067E-03,  6.60872E-03,  6.73689E-03,  6.85063E-03,  6.94523E-03,  7.01606E-03,  7.05870E-03,  7.06919E-03,  7.04419E-03,  6.98116E-03,  6.87847E-03,  6.73548E-03,  6.55255E-03,  6.33100E-03,  6.07306E-03,  5.78166E-03,  5.46037E-03,  5.11318E-03,  4.74434E-03,  4.35822E-03,  3.95914E-03,  3.55132E-03,  3.13869E-03,  2.72493E-03,  2.31335E-03,  1.90691E-03,  1.50821E-03,  1.11947E-03,  7.42558E-04,  3.79033E-04,  3.01376E-05, -3.03159E-04, -6.20138E-04, -9.20302E-04, -1.20335E-03, -1.46917E-03, -1.71777E-03, -1.94932E-03, -2.16408E-03, -2.36241E-03, -2.54477E-03, -2.71164E-03, -2.86360E-03, -3.00123E-03, -3.12516E-03, -3.23605E-03, -3.33454E-03, -3.42131E-03, -3.49701E-03, -3.56231E-03, -3.61785E-03, -3.66427E-03, -3.70217E-03, -3.73216E-03,
  4.06186E-03,  4.12403E-03,  4.18546E-03,  4.24593E-03,  4.30527E-03,  4.36328E-03,  4.41977E-03,  4.47459E-03,  4.52757E-03,  4.57860E-03,  4.62759E-03,  4.67451E-03,  4.71937E-03,  4.76228E-03,  4.80341E-03,  4.84304E-03,  4.88156E-03,  4.91947E-03,  4.95740E-03,  4.99612E-03,  5.03652E-03,  5.07963E-03,  5.12658E-03,  5.17860E-03,  5.23698E-03,  5.30304E-03,  5.37807E-03,  5.46326E-03,  5.55966E-03,  5.66808E-03,  5.78898E-03,  5.92243E-03,  6.06798E-03,  6.22460E-03,  6.39058E-03,  6.56352E-03,  6.74027E-03,  6.91695E-03,  7.08902E-03,  7.25136E-03,  7.39844E-03,  7.52450E-03,  7.62378E-03,  7.69079E-03,  7.72058E-03,  7.70895E-03,  7.65273E-03,  7.54989E-03,  7.39966E-03,  7.20253E-03,  6.96021E-03,  6.67551E-03,  6.35213E-03,  5.99452E-03,  5.60758E-03,  5.19649E-03,  4.76653E-03,  4.32286E-03,  3.87040E-03,  3.41375E-03,  2.95711E-03,  2.50422E-03,  2.05838E-03,  1.62242E-03,  1.19873E-03,  7.89286E-04,  3.95700E-04,  1.92188E-05, -3.39217E-04, -6.78944E-04, -9.99543E-04, -1.30081E-03, -1.58272E-03, -1.84542E-03, -2.08918E-03, -2.31439E-03, -2.52154E-03, -2.71119E-03, -2.88395E-03, -3.04052E-03, -3.18160E-03, -3.30791E-03, -3.42022E-03, -3.51929E-03, -3.60586E-03, -3.68069E-03, -3.74452E-03, -3.79807E-03, -3.84205E-03, -3.87713E-03, -3.90397E-03,
  4.20530E-03,  4.27263E-03,  4.33923E-03,  4.40487E-03,  4.46935E-03,  4.53242E-03,  4.59387E-03,  4.65348E-03,  4.71106E-03,  4.76643E-03,  4.81948E-03,  4.87011E-03,  4.91831E-03,  4.96416E-03,  5.00781E-03,  5.04953E-03,  5.08972E-03,  5.12893E-03,  5.16786E-03,  5.20737E-03,  5.24849E-03,  5.29242E-03,  5.34051E-03,  5.39426E-03,  5.45524E-03,  5.52513E-03,  5.60557E-03,  5.69817E-03,  5.80435E-03,  5.92531E-03,  6.06189E-03,  6.21443E-03,  6.38271E-03,  6.56579E-03,  6.76193E-03,  6.96848E-03,  7.18191E-03,  7.39769E-03,  7.61045E-03,  7.81404E-03,  8.00169E-03,  8.16631E-03,  8.30074E-03,  8.39809E-03,  8.45214E-03,  8.45760E-03,  8.41046E-03,  8.30821E-03,  8.14990E-03,  7.93624E-03,  7.66946E-03,  7.35315E-03,  6.99202E-03,  6.59163E-03,  6.15807E-03,  5.69769E-03,  5.21686E-03,  4.72174E-03,  4.21813E-03,  3.71136E-03,  3.20621E-03,  2.70689E-03,  2.21704E-03,  1.73973E-03,  1.27750E-03,  8.32413E-04,  4.06089E-04, -2.48738E-07, -3.85722E-04, -7.49758E-04, -1.09205E-03, -1.41251E-03, -1.71126E-03, -1.98859E-03, -2.24489E-03, -2.48072E-03, -2.69670E-03, -2.89354E-03, -3.07199E-03, -3.23287E-03, -3.37701E-03, -3.50528E-03, -3.61853E-03, -3.71765E-03, -3.80348E-03, -3.87687E-03, -3.93866E-03, -3.98964E-03, -4.03060E-03, -4.06228E-03, -4.08540E-03,
  4.35510E-03,  4.42807E-03,  4.50036E-03,  4.57171E-03,  4.64187E-03,  4.71056E-03,  4.77752E-03,  4.84247E-03,  4.90517E-03,  4.96539E-03,  5.02295E-03,  5.07770E-03,  5.12959E-03,  5.17862E-03,  5.22493E-03,  5.26876E-03,  5.31053E-03,  5.35080E-03,  5.39034E-03,  5.43010E-03,  5.47125E-03,  5.51520E-03,  5.56353E-03,  5.61803E-03,  5.68066E-03,  5.75347E-03,  5.83857E-03,  5.93803E-03,  6.05381E-03,  6.18760E-03,  6.34071E-03,  6.51391E-03,  6.70731E-03,  6.92016E-03,  7.15075E-03,  7.39625E-03,  7.65268E-03,  7.91483E-03,  8.17634E-03,  8.42978E-03,  8.66689E-03,  8.87889E-03,  9.05681E-03,  9.19200E-03,  9.27655E-03,  9.30377E-03,  9.26858E-03,  9.16781E-03,  9.00034E-03,  8.76719E-03,  8.47128E-03,  8.11729E-03,  7.71123E-03,  7.26014E-03,  6.77160E-03,  6.25344E-03,  5.71337E-03,  5.15875E-03,  4.59641E-03,  4.03248E-03,  3.47243E-03,  2.92093E-03,  2.38196E-03,  1.85882E-03,  1.35417E-03,  8.70095E-04,  4.08199E-04, -3.03665E-05, -4.44832E-04, -8.34758E-04, -1.19999E-03, -1.54060E-03, -1.85687E-03, -2.14927E-03, -2.41837E-03, -2.66490E-03, -2.88964E-03, -3.09346E-03, -3.27728E-03, -3.44207E-03, -3.58881E-03, -3.71848E-03, -3.83210E-03, -3.93065E-03, -4.01510E-03, -4.08640E-03, -4.14548E-03, -4.19323E-03, -4.23052E-03, -4.25816E-03, -4.27694E-03,
  4.51157E-03,  4.59074E-03,  4.66930E-03,  4.74696E-03,  4.82342E-03,  4.89837E-03,  4.97147E-03,  5.04241E-03,  5.11086E-03,  5.17653E-03,  5.23916E-03,  5.29854E-03,  5.35452E-03,  5.40706E-03,  5.45624E-03,  5.50226E-03,  5.54551E-03,  5.58658E-03,  5.62627E-03,  5.66564E-03,  5.70601E-03,  5.74896E-03,  5.79638E-03,  5.85038E-03,  5.91333E-03,  5.98777E-03,  6.07635E-03,  6.18175E-03,  6.30655E-03,  6.45309E-03,  6.62333E-03,  6.81861E-03,  7.03953E-03,  7.28569E-03,  7.55549E-03,  7.84600E-03,  8.15282E-03,  8.46996E-03,  8.78989E-03,  9.10369E-03,  9.40123E-03,  9.67157E-03,  9.90348E-03,  1.00860E-02,  1.02089E-02,  1.02638E-02,  1.02442E-02,  1.01460E-02,  9.96794E-03,  9.71145E-03,  9.38048E-03,  8.98113E-03,  8.52119E-03,  8.00959E-03,  7.45587E-03,  6.86968E-03,  6.26039E-03,  5.63680E-03,  5.00691E-03,  4.37779E-03,  3.75559E-03,  3.14549E-03,  2.55178E-03,  1.97792E-03,  1.42666E-03,  9.00053E-04,  3.99617E-04, -7.36256E-05, -5.19069E-04, -9.36457E-04, -1.32583E-03, -1.68747E-03, -2.02188E-03, -2.32971E-03, -2.61176E-03, -2.86894E-03, -3.10225E-03, -3.31273E-03, -3.50149E-03, -3.66966E-03, -3.81839E-03, -3.94883E-03, -4.06212E-03, -4.15938E-03, -4.24170E-03, -4.31016E-03, -4.36579E-03, -4.40957E-03, -4.44245E-03, -4.46533E-03, -4.47907E-03,
  4.67503E-03,  4.76100E-03,  4.84648E-03,  4.93113E-03,  5.01461E-03,  5.09655E-03,  5.17655E-03,  5.25422E-03,  5.32917E-03,  5.40102E-03,  5.46940E-03,  5.53402E-03,  5.59464E-03,  5.65113E-03,  5.70347E-03,  5.75181E-03,  5.79649E-03,  5.83809E-03,  5.87744E-03,  5.91568E-03,  5.95427E-03,  5.99501E-03,  6.04007E-03,  6.09195E-03,  6.15348E-03,  6.22778E-03,  6.31814E-03,  6.42799E-03,  6.56069E-03,  6.71943E-03,  6.90697E-03,  7.12548E-03,  7.37623E-03,  7.65935E-03,  7.97357E-03,  8.31595E-03,  8.68170E-03,  9.06400E-03,  9.45404E-03,  9.84103E-03,  1.02126E-02,  1.05550E-02,  1.08541E-02,  1.10959E-02,  1.12674E-02,  1.13575E-02,  1.13579E-02,  1.12636E-02,  1.10730E-02,  1.07882E-02,  1.04145E-02,  9.96006E-03,  9.43497E-03,  8.85069E-03,  8.21927E-03,  7.55265E-03,  6.86226E-03,  6.15857E-03,  5.45093E-03,  4.74744E-03,  4.05495E-03,  3.37912E-03,  2.72451E-03,  2.09468E-03,  1.49235E-03,  9.19492E-04,  3.77449E-04, -1.32960E-04, -6.11361E-04, -1.05774E-03, -1.47240E-03, -1.85587E-03, -2.20890E-03, -2.53241E-03, -2.82742E-03, -3.09508E-03, -3.33662E-03, -3.55329E-03, -3.74641E-03, -3.91731E-03, -4.06730E-03, -4.19772E-03, -4.30985E-03, -4.40497E-03, -4.48432E-03, -4.54908E-03, -4.60040E-03, -4.63937E-03, -4.66703E-03, -4.68435E-03, -4.69228E-03,
  4.84577E-03,  4.93925E-03,  5.03237E-03,  5.12479E-03,  5.21609E-03,  5.30586E-03,  5.39363E-03,  5.47892E-03,  5.56125E-03,  5.64013E-03,  5.71511E-03,  5.78575E-03,  5.85170E-03,  5.91270E-03,  5.96862E-03,  6.01952E-03,  6.06565E-03,  6.10754E-03,  6.14603E-03,  6.18231E-03,  6.21796E-03,  6.25501E-03,  6.29593E-03,  6.34363E-03,  6.40150E-03,  6.47330E-03,  6.56310E-03,  6.67521E-03,  6.81399E-03,  6.98366E-03,  7.18809E-03,  7.43048E-03,  7.71308E-03,  8.03685E-03,  8.40104E-03,  8.80293E-03,  9.23744E-03,  9.69692E-03,  1.01711E-02,  1.06470E-02,  1.11093E-02,  1.15411E-02,  1.19241E-02,  1.22406E-02,  1.24735E-02,  1.26085E-02,  1.26348E-02,  1.25460E-02,  1.23401E-02,  1.20204E-02,  1.15940E-02,  1.10719E-02,  1.04674E-02,  9.79529E-03,  9.07079E-03,  8.30877E-03,  7.52312E-03,  6.72630E-03,  5.92916E-03,  5.14089E-03,  4.36903E-03,  3.61965E-03,  2.89747E-03,  2.20605E-03,  1.54798E-03,  9.25025E-04,  3.38255E-04, -2.11805E-04, -7.25092E-04, -1.20192E-03, -1.64288E-03, -2.04885E-03, -2.42086E-03, -2.76013E-03, -3.06796E-03, -3.34577E-03, -3.59503E-03, -3.81727E-03, -4.01401E-03, -4.18679E-03, -4.33716E-03, -4.46661E-03, -4.57663E-03, -4.66864E-03, -4.74403E-03, -4.80411E-03, -4.85016E-03, -4.88338E-03, -4.90490E-03, -4.91579E-03, -4.91707E-03,
  5.02412E-03,  5.12584E-03,  5.22743E-03,  5.32848E-03,  5.42853E-03,  5.52709E-03,  5.62363E-03,  5.71758E-03,  5.80834E-03,  5.89531E-03,  5.97789E-03,  6.05552E-03,  6.12767E-03,  6.19394E-03,  6.25404E-03,  6.30787E-03,  6.35558E-03,  6.39758E-03,  6.43469E-03,  6.46810E-03,  6.49950E-03,  6.53112E-03,  6.56575E-03,  6.60675E-03,  6.65810E-03,  6.72431E-03,  6.81039E-03,  6.92169E-03,  7.06377E-03,  7.24219E-03,  7.46219E-03,  7.72838E-03,  8.04435E-03,  8.41221E-03,  8.83215E-03,  9.30192E-03,  9.81637E-03,  1.03671E-02,  1.09422E-02,  1.15261E-02,  1.21002E-02,  1.26430E-02,  1.31314E-02,  1.35422E-02,  1.38532E-02,  1.40457E-02,  1.41053E-02,  1.40236E-02,  1.37988E-02,  1.34353E-02,  1.29433E-02,  1.23374E-02,  1.16353E-02,  1.08563E-02,  1.00198E-02,  9.14428E-03,  8.24657E-03,  7.34144E-03,  6.44137E-03,  5.55662E-03,  4.69537E-03,  3.86395E-03,  3.06709E-03,  2.30819E-03,  1.58955E-03,  9.12585E-04,  2.77981E-04, -3.14151E-04, -8.64152E-04, -1.37273E-03, -1.84089E-03, -2.26985E-03, -2.66102E-03, -3.01594E-03, -3.33625E-03, -3.62367E-03, -3.87997E-03, -4.10693E-03, -4.30636E-03, -4.48003E-03, -4.62970E-03, -4.75709E-03, -4.86387E-03, -4.95163E-03, -5.02193E-03, -5.07623E-03, -5.11593E-03, -5.14235E-03, -5.15672E-03, -5.16021E-03, -5.15390E-03,
  5.21035E-03,  5.32116E-03,  5.43211E-03,  5.54276E-03,  5.65261E-03,  5.76107E-03,  5.86755E-03,  5.97136E-03,  6.07179E-03,  6.16811E-03,  6.25954E-03,  6.34534E-03,  6.42482E-03,  6.49735E-03,  6.56245E-03,  6.61980E-03,  6.66937E-03,  6.71143E-03,  6.74667E-03,  6.77626E-03,  6.80196E-03,  6.82615E-03,  6.85192E-03,  6.88314E-03,  6.92440E-03,  6.98110E-03,  7.05927E-03,  7.16555E-03,  7.30696E-03,  7.49069E-03,  7.72373E-03,  8.01254E-03,  8.36249E-03,  8.77739E-03,  9.25879E-03,  9.80538E-03,  1.04123E-02,  1.10706E-02,  1.17666E-02,  1.24820E-02,  1.31938E-02,  1.38750E-02,  1.44962E-02,  1.50268E-02,NA,NA,  1.58062E-02,  1.57339E-02,  1.54849E-02,  1.50657E-02,  1.44907E-02,  1.37799E-02,  1.29571E-02,  1.20474E-02,  1.10757E-02,  1.00648E-02,  9.03522E-03,  8.00423E-03,  6.98601E-03,  5.99181E-03,  5.03026E-03,  4.10772E-03,  3.22872E-03,  2.39627E-03,  1.61218E-03,  8.77340E-04,  1.91886E-04, -4.44601E-04, -1.03298E-03, -1.57445E-03, -2.07047E-03, -2.52270E-03, -2.93298E-03, -3.30321E-03, -3.63544E-03, -3.93170E-03, -4.19411E-03, -4.42475E-03, -4.62572E-03, -4.79906E-03, -4.94677E-03, -5.07080E-03, -5.17303E-03, -5.25526E-03, -5.31919E-03, -5.36646E-03, -5.39859E-03, -5.41704E-03, -5.42314E-03, -5.41815E-03, -5.40324E-03,
  5.40472E-03,  5.52554E-03,  5.64686E-03,  5.76820E-03,  5.88901E-03,  6.00864E-03,  6.12639E-03,  6.24148E-03,  6.35306E-03,  6.46021E-03,  6.56201E-03,  6.65748E-03,  6.74570E-03,  6.82579E-03,  6.89699E-03,  6.95872E-03,  7.01069E-03,  7.05293E-03,  7.08595E-03,  7.11080E-03,  7.12922E-03,  7.14371E-03,  7.15765E-03,  7.17536E-03,  7.20217E-03,  7.24438E-03,  7.30925E-03,  7.40491E-03,  7.54013E-03,  7.72409E-03,  7.96601E-03,  8.27466E-03,  8.65786E-03,  9.12169E-03,  9.66979E-03,  1.03024E-02,  1.10155E-02,  1.18000E-02,  1.26406E-02,  1.35158E-02,NA,NA,NA,NA,NA,NA,NA,NA,NA,NA,NA,  1.54260E-02,  1.44527E-02,  1.33825E-02,  1.22469E-02,  1.10746E-02,  9.88998E-03,  8.71308E-03,  7.55972E-03,  6.44192E-03,  5.36840E-03,  4.34527E-03,  3.37649E-03,  2.46440E-03,  1.61006E-03,  8.13610E-04,  7.44821E-05, -6.08425E-04, -1.23660E-03, -1.81184E-03, -2.33613E-03, -2.81166E-03, -3.24072E-03, -3.62568E-03, -3.96897E-03, -4.27305E-03, -4.54038E-03, -4.77339E-03, -4.97450E-03, -5.14605E-03, -5.29030E-03, -5.40947E-03, -5.50566E-03, -5.58086E-03, -5.63698E-03, -5.67581E-03, -5.69903E-03, -5.70820E-03, -5.70480E-03, -5.69016E-03, -5.66555E-03,
  5.60745E-03,  5.73928E-03,  5.87208E-03,  6.00533E-03,  6.13842E-03,  6.27066E-03,  6.40122E-03,  6.52922E-03,  6.65366E-03,  6.77346E-03,  6.88745E-03,  6.99443E-03,  7.09318E-03,  7.18250E-03,  7.26131E-03,  7.32866E-03,  7.38391E-03,  7.42674E-03,  7.45737E-03,  7.47664E-03,  7.48616E-03,  7.48846E-03,  7.48715E-03,  7.48700E-03,  7.49403E-03,  7.51560E-03,  7.56033E-03,  7.63805E-03,  7.75961E-03,  7.93661E-03,  8.18101E-03,  8.50458E-03,  8.91824E-03,  9.43124E-03,  1.00501E-02,  1.07777E-02,  1.16116E-02,  1.25432E-02,NA,NA,NA,NA,NA,NA,NA,NA,NA,NA,NA,NA,NA,NA,NA,  1.48745E-02,  1.35404E-02,  1.21756E-02,  1.08091E-02,  9.46379E-03,  8.15671E-03,  6.90019E-03,  5.70260E-03,  4.56924E-03,  3.50310E-03,  2.50544E-03,  1.57629E-03,  7.14797E-04, -8.05243E-05, -8.11604E-04, -1.48069E-03, -2.09025E-03, -2.64291E-03, -3.14144E-03, -3.58864E-03, -3.98740E-03, -4.34061E-03, -4.65116E-03, -4.92191E-03, -5.15570E-03, -5.35527E-03, -5.52330E-03, -5.66236E-03, -5.77492E-03, -5.86334E-03, -5.92984E-03, -5.97651E-03, -6.00533E-03, -6.01812E-03, -6.01659E-03, -6.00231E-03, -5.97675E-03, -5.94123E-03,
  5.81871E-03,  5.96264E-03,  6.10813E-03,  6.25463E-03,  6.40150E-03,  6.54795E-03,  6.69309E-03,  6.83590E-03,  6.97523E-03,  7.10979E-03,  7.23819E-03,  7.35892E-03,  7.47044E-03,  7.57117E-03,  7.65958E-03,  7.73428E-03,  7.79415E-03,  7.83842E-03,  7.86684E-03,  7.87990E-03,  7.87894E-03,  7.86641E-03,  7.84602E-03,  7.82292E-03,  7.80386E-03,  7.79726E-03,  7.81325E-03,  7.86362E-03,  7.96165E-03,  8.12183E-03,  8.35945E-03,  8.69002E-03,  9.12848E-03,  9.68827E-03,  1.03800E-02,  1.12103E-02,NA,NA,NA,NA,NA,NA,NA,NA,NA,NA,NA,NA,NA,NA,NA,NA,NA,NA,NA,  1.33657E-02,  1.17871E-02,  1.02486E-02,  8.76801E-03,  7.35718E-03,  6.02335E-03,  4.77036E-03,  3.59963E-03,  2.51092E-03,  1.50286E-03,  5.73330E-04, -2.80276E-04, -1.06087E-03, -1.77157E-03, -2.41563E-03, -2.99638E-03, -3.51722E-03, -3.98156E-03, -4.39282E-03, -4.75443E-03, -5.06975E-03, -5.34210E-03, -5.57473E-03, -5.77076E-03, -5.93325E-03, -6.06508E-03, -6.16903E-03, -6.24772E-03, -6.30360E-03, -6.33899E-03, -6.35603E-03, -6.35673E-03, -6.34291E-03, -6.31629E-03, -6.27840E-03, -6.23067E-03,
  6.03860E-03,  6.19581E-03,  6.35532E-03,  6.51655E-03,  6.67883E-03,  6.84131E-03,  7.00303E-03,  7.16284E-03,  7.31941E-03,  7.47126E-03,  7.61672E-03,  7.75396E-03,  7.88104E-03,  7.99592E-03,  8.09656E-03,  8.18100E-03,  8.24748E-03,  8.29460E-03,  8.32150E-03,  8.32810E-03,  8.31529E-03,  8.28522E-03,  8.24157E-03,  8.18975E-03,  8.13715E-03,  8.09331E-03,  8.06997E-03,  8.08110E-03,  8.14278E-03,  8.27290E-03,  8.49078E-03,  8.81651E-03,  9.27013E-03,NA,NA,NA,NA,NA,NA,NA,NA,NA,NA,NA,NA,NA,NA,NA,NA,NA,NA,NA,NA,NA,NA,NA,  1.28129E-02,  1.10550E-02,  9.38072E-03,  7.80022E-03,  6.31857E-03,  4.93726E-03,  3.65550E-03,  2.47099E-03,  1.38059E-03,  3.80637E-04, -5.32789E-04, -1.36373E-03, -2.11628E-03, -2.79456E-03, -3.40267E-03, -3.94471E-03, -4.42475E-03, -4.84681E-03, -5.21488E-03, -5.53287E-03, -5.80458E-03, -6.03373E-03, -6.22388E-03, -6.37845E-03, -6.50071E-03, -6.59375E-03, -6.66047E-03, -6.70359E-03, -6.72563E-03, -6.72895E-03, -6.71570E-03, -6.68787E-03, -6.64726E-03, -6.59554E-03, -6.53419E-03,
  6.26715E-03,  6.43891E-03,  6.61386E-03,  6.79144E-03,  6.97094E-03,  7.15150E-03,  7.33205E-03,  7.51134E-03,  7.68788E-03,  7.85998E-03,  8.02566E-03,  8.18275E-03,  8.32884E-03,  8.46137E-03,  8.57766E-03,  8.67504E-03,  8.75095E-03,  8.80316E-03,  8.82997E-03,  8.83046E-03,  8.80482E-03,  8.75465E-03,  8.68333E-03,  8.59635E-03,  8.50163E-03,  8.40976E-03,  8.33418E-03,  8.29126E-03,  8.30022E-03,  8.38292E-03,  8.56343E-03,NA,NA,NA,NA,NA,NA,NA,NA,NA,NA,NA,NA,NA,NA,NA,NA,NA,NA,NA,NA,NA,NA,NA,NA,NA,NA,  1.18646E-02,  9.97722E-03,  8.21295E-03,  6.57330E-03,  5.05638E-03,  3.65836E-03,  2.37439E-03,  1.19913E-03,  1.27148E-04, -8.46961E-04, -1.72848E-03, -2.52257E-03, -3.23427E-03, -3.86852E-03, -4.43016E-03, -4.92397E-03, -5.35464E-03, -5.72677E-03, -6.04485E-03, -6.31325E-03, -6.53617E-03, -6.71767E-03, -6.86159E-03, -6.97158E-03, -7.05108E-03, -7.10330E-03, -7.13123E-03, -7.13764E-03, -7.12507E-03, -7.09584E-03, -7.05209E-03, -6.99574E-03, -6.92855E-03, -6.85207E-03,
  6.50429E-03,  6.69194E-03,  6.88386E-03,  7.07953E-03,  7.27825E-03,  7.47911E-03,  7.68103E-03,  7.88263E-03,  8.08229E-03,  8.27808E-03,  8.46774E-03,  8.64869E-03,  8.81804E-03,  8.97260E-03,  9.10893E-03,  9.22351E-03,  9.31278E-03,  9.37343E-03,  9.40261E-03,  9.39827E-03,  9.35951E-03,  9.28705E-03,  9.18363E-03,  9.05453E-03,  8.90795E-03,  8.75542E-03,  8.61209E-03,  8.49690E-03,NA,NA,NA,NA,NA,NA,NA,NA,NA,NA,NA,NA,NA,NA,NA,NA,NA,NA,NA,NA,NA,NA,NA,NA,NA,NA,NA,NA,NA,NA,  1.05345E-02,  8.57508E-03,  6.76971E-03,  5.11198E-03,  3.59425E-03,  2.20853E-03,  9.47035E-04, -1.97666E-04, -1.23256E-03, -2.16424E-03, -2.99896E-03, -3.74271E-03, -4.40131E-03, -4.98040E-03, -5.48551E-03, -5.92205E-03, -6.29529E-03, -6.61037E-03, -6.87226E-03, -7.08574E-03, -7.25535E-03, -7.38544E-03, -7.48007E-03, -7.54305E-03, -7.57792E-03, -7.58796E-03, -7.57618E-03, -7.54533E-03, -7.49790E-03, -7.43616E-03, -7.36216E-03, -7.27773E-03, -7.18451E-03,
  6.74983E-03,  6.95476E-03,  7.16529E-03,  7.38093E-03,  7.60100E-03,  7.82465E-03,  8.05073E-03,  8.27783E-03,  8.50418E-03,  8.72765E-03,  8.94570E-03,  9.15533E-03,  9.35310E-03,  9.53512E-03,  9.69711E-03,  9.83447E-03,  9.94244E-03,  1.00163E-02,  1.00518E-02,  1.00452E-02,  9.99417E-03,  9.89800E-03,  9.75835E-03,  9.57982E-03,  9.37057E-03,  9.14284E-03,  8.91340E-03,NA,NA,NA,NA,NA,NA,NA,NA,NA,NA,NA,NA,NA,NA,NA,NA,NA,NA,NA,NA,NA,NA,NA,NA,NA,NA,NA,NA,NA,NA,NA,  1.10241E-02,  8.86245E-03,  6.88731E-03,  5.08648E-03,  3.44777E-03,  1.95974E-03,  6.11901E-04, -6.05214E-04, -1.70019E-03, -2.68091E-03, -3.55472E-03, -4.32856E-03, -5.00913E-03, -5.60292E-03, -6.11624E-03, -6.55528E-03, -6.92607E-03, -7.23445E-03, -7.48606E-03, -7.68630E-03, -7.84030E-03, -7.95290E-03, -8.02863E-03, -8.07171E-03, -8.08603E-03, -8.07516E-03, -8.04237E-03, -7.99060E-03, -7.92253E-03, -7.84057E-03, -7.74685E-03, -7.64330E-03, -7.53163E-03,
  7.00344E-03,  7.22712E-03,  7.45795E-03,  7.69553E-03,  7.93928E-03,  8.18837E-03,  8.44171E-03,  8.69784E-03,  8.95492E-03,  9.21065E-03,  9.46222E-03,  9.70622E-03,  9.93865E-03,  1.01548E-02,  1.03495E-02,  1.05169E-02,  1.06508E-02,  1.07446E-02,  1.07922E-02,  1.07879E-02,  1.07270E-02,  1.06070E-02,  1.04278E-02,  1.01925E-02,  9.90895E-03,NA,NA,NA,NA,NA,NA,NA,NA,NA,NA,NA,NA,NA,NA,NA,NA,NA,NA,NA,NA,NA,NA,NA,NA,NA,NA,NA,NA,NA,NA,NA,NA,NA,NA,  9.04771E-03,  6.90357E-03,  4.96091E-03,  3.20259E-03,  1.61351E-03,  1.80551E-04, -1.10769E-03, -2.26128E-03, -3.28927E-03, -4.19999E-03, -5.00133E-03, -5.70085E-03, -6.30590E-03, -6.82365E-03, -7.26113E-03, -7.62520E-03, -7.92248E-03, -8.15938E-03, -8.34197E-03, -8.47602E-03, -8.56693E-03, -8.61975E-03, -8.63912E-03, -8.62929E-03, -8.59415E-03, -8.53722E-03, -8.46166E-03, -8.37031E-03, -8.26569E-03, -8.15005E-03, -8.02538E-03, -7.89343E-03,
  7.26464E-03,  7.50855E-03,  7.76143E-03,  8.02303E-03,  8.29289E-03,  8.57029E-03,  8.85423E-03,  9.14329E-03,  9.43561E-03,  9.72880E-03,  1.00198E-02,  1.03049E-02,  1.05794E-02,  1.08380E-02,  1.10742E-02,  1.12808E-02,  1.14499E-02,  1.15730E-02,  1.16412E-02,  1.16461E-02,  1.15804E-02,  1.14385E-02,  1.12176E-02,  1.09190E-02,NA,NA,NA,NA,NA,NA,NA,NA,NA,NA,NA,NA,NA,NA,NA,NA,NA,NA,NA,NA,NA,NA,NA,NA,NA,NA,NA,NA,NA,NA,NA,NA,NA,NA,NA,NA,  6.79506E-03,  4.71589E-03,  2.84201E-03,  1.15494E-03, -3.60722E-04, -1.71798E-03, -2.92806E-03, -4.00095E-03, -4.94585E-03, -5.77147E-03, -6.48621E-03, -7.09834E-03, -7.61594E-03, -8.04699E-03, -8.39925E-03, -8.68025E-03, -8.89721E-03, -9.05702E-03, -9.16612E-03, -9.23056E-03, -9.25590E-03, -9.24726E-03, -9.20927E-03, -9.14615E-03, -9.06166E-03, -8.95917E-03, -8.84166E-03, -8.71179E-03, -8.57188E-03, -8.42396E-03, -8.26981E-03,
  7.53277E-03,  7.79840E-03,  8.07512E-03,  8.36286E-03,  8.66136E-03,  8.97009E-03,  9.28820E-03,  9.61442E-03,  9.94697E-03,  1.02834E-02,  1.06206E-02,  1.09545E-02,  1.12799E-02,  1.15907E-02,  1.18793E-02,  1.21370E-02,  1.23536E-02,  1.25182E-02,  1.26189E-02,  1.26437E-02,  1.25815E-02,  1.24226E-02,  1.21606E-02,NA,NA,NA,NA,NA,NA,NA,NA,NA,NA,NA,NA,NA,NA,NA,NA,NA,NA,NA,NA,NA,NA,NA,NA,NA,NA,NA,NA,NA,NA,NA,NA,NA,NA,NA,NA,NA,  6.53912E-03,  4.33274E-03,  2.34978E-03,  5.69208E-04, -1.02593E-03, -2.44957E-03, -3.71362E-03, -4.82864E-03, -5.80446E-03, -6.65049E-03, -7.37601E-03, -7.99020E-03, -8.50217E-03, -8.92094E-03, -9.25535E-03, -9.51393E-03, -9.70487E-03, -9.83593E-03, -9.91433E-03, -9.94681E-03, -9.93952E-03, -9.89804E-03, -9.82744E-03, -9.73223E-03, -9.61644E-03, -9.48361E-03, -9.33687E-03, -9.17897E-03, -9.01228E-03, -8.83886E-03, -8.66052E-03,
  7.80699E-03,  8.09580E-03,  8.39811E-03,  8.71414E-03,  9.04387E-03,  9.38705E-03,  9.74310E-03,  1.01110E-02,  1.04892E-02,  1.08753E-02,  1.12663E-02,  1.16578E-02,  1.20445E-02,  1.24192E-02,  1.27735E-02,  1.30967E-02,  1.33767E-02,  1.35992E-02,  1.37487E-02,  1.38088E-02,  1.37632E-02,  1.35968E-02,NA,NA,NA,NA,NA,NA,NA,NA,NA,NA,NA,NA,NA,NA,NA,NA,NA,NA,NA,NA,NA,NA,NA,NA,NA,NA,NA,NA,NA,NA,NA,NA,NA,NA,NA,NA,NA,NA,  6.11604E-03,  3.79495E-03,  1.71099E-03, -1.57974E-04, -1.82920E-03, -3.31663E-03, -4.63209E-03, -5.78627E-03, -6.78933E-03, -7.65130E-03, -8.38230E-03, -8.99253E-03, -9.49230E-03, -9.89185E-03, -1.02012E-02, -1.04302E-02, -1.05879E-02, -1.06833E-02, -1.07244E-02, -1.07187E-02, -1.06729E-02, -1.05932E-02, -1.04851E-02, -1.03533E-02, -1.02021E-02, -1.00353E-02, -9.85601E-03, -9.66712E-03, -9.47102E-03, -9.26978E-03, -9.06516E-03,
  8.08625E-03,  8.39961E-03,  8.72923E-03,  9.07563E-03,  9.43917E-03,  9.81997E-03,  1.02178E-02,  1.06321E-02,  1.10617E-02,  1.15044E-02,  1.19575E-02,  1.24168E-02,  1.28765E-02,  1.33291E-02,  1.37649E-02,  1.41718E-02,  1.45350E-02,  1.48369E-02,  1.50573E-02,  1.51744E-02,NA,NA,NA,NA,NA,NA,NA,NA,NA,NA,NA,NA,NA,NA,NA,NA,NA,NA,NA,NA,NA,NA,NA,NA,NA,NA,NA,NA,NA,NA,NA,NA,NA,NA,NA,NA,NA,NA,NA,NA,NA,  3.08972E-03,  9.12890E-04, -1.04001E-03, -2.78483E-03, -4.33418E-03, -5.69897E-03, -6.88941E-03, -7.91571E-03, -8.78846E-03, -9.51867E-03, -1.01178E-02, -1.05975E-02, -1.09694E-02, -1.12452E-02, -1.14360E-02, -1.15522E-02, -1.16039E-02, -1.16001E-02, -1.15491E-02, -1.14583E-02, -1.13344E-02, -1.11833E-02, -1.10100E-02, -1.08190E-02, -1.06142E-02, -1.03989E-02, -1.01759E-02, -9.94768E-03, -9.71618E-03, -9.48314E-03,
  8.36928E-03,  8.70846E-03,  9.06697E-03,  9.44574E-03,  9.84558E-03,  1.02671E-02,  1.07107E-02,  1.11762E-02,  1.16631E-02,  1.21699E-02,  1.26942E-02,  1.32322E-02,  1.37783E-02,  1.43248E-02,  1.48611E-02,  1.53737E-02,  1.58450E-02,  1.62538E-02,NA,NA,NA,NA,NA,NA,NA,NA,NA,NA,NA,NA,NA,NA,NA,NA,NA,NA,NA,NA,NA,NA,NA,NA,NA,NA,NA,NA,NA,NA,NA,NA,NA,NA,NA,NA,NA,NA,NA,NA,NA,NA,NA,  2.20926E-03, -5.45492E-05, -2.08939E-03, -3.90751E-03, -5.51864E-03, -6.93170E-03, -8.15586E-03, -9.20117E-03, -1.00787E-02, -1.08007E-02, -1.13800E-02, -1.18300E-02, -1.21644E-02, -1.23964E-02, -1.25389E-02, -1.26038E-02, -1.26025E-02, -1.25451E-02, -1.24407E-02, -1.22976E-02, -1.21228E-02, -1.19227E-02, -1.17026E-02, -1.14671E-02, -1.12202E-02, -1.09651E-02, -1.07048E-02, -1.04416E-02, -1.01773E-02, -9.91370E-03,
  8.65458E-03,  9.02068E-03,  9.40950E-03,  9.82245E-03,  1.02609E-02,  1.07261E-02,  1.12191E-02,  1.17406E-02,  1.22909E-02,  1.28694E-02,  1.34745E-02,  1.41032E-02,  1.47506E-02,  1.54091E-02,  1.60681E-02,  1.67125E-02,  1.73229E-02,NA,NA,NA,NA,NA,NA,NA,NA,NA,NA,NA,NA,NA,NA,NA,NA,NA,NA,NA,NA,NA,NA,NA,NA,NA,NA,NA,NA,NA,NA,NA,NA,NA,NA,NA,NA,NA,NA,NA,NA,NA,NA,NA,NA,  1.15171E-03, -1.19851E-03, -3.31811E-03, -5.21314E-03, -6.88870E-03, -8.35066E-03, -9.60662E-03, -1.06663E-02, -1.15417E-02, -1.22463E-02, -1.27952E-02, -1.32040E-02, -1.34886E-02, -1.36645E-02, -1.37467E-02, -1.37489E-02, -1.36838E-02, -1.35628E-02, -1.33960E-02, -1.31923E-02, -1.29594E-02, -1.27037E-02, -1.24310E-02, -1.21460E-02, -1.18525E-02, -1.15539E-02, -1.12529E-02, -1.09517E-02, -1.06522E-02, -1.03558E-02,
  8.94047E-03,  9.33436E-03,  9.75464E-03,  1.02033E-02,  1.06824E-02,  1.11939E-02,  1.17399E-02,  1.23219E-02,  1.29415E-02,  1.35993E-02,  1.42950E-02,  1.50270E-02,  1.57916E-02,  1.65824E-02,  1.73890E-02,  1.81963E-02,NA,NA,NA,NA,NA,NA,NA,NA,NA,NA,NA,NA,NA,NA,NA,NA,NA,NA,NA,NA,NA,NA,NA,NA,NA,NA,NA,NA,NA,NA,NA,NA,NA,NA,NA,NA,NA,NA,NA,NA,NA,NA,NA,NA,NA, -7.88128E-05, -2.52401E-03, -4.73879E-03, -6.72019E-03, -8.46684E-03, -9.98057E-03, -1.12671E-02, -1.23360E-02, -1.32005E-02, -1.38765E-02, -1.43818E-02, -1.47349E-02, -1.49549E-02, -1.50600E-02, -1.50676E-02, -1.49935E-02, -1.48521E-02, -1.46562E-02, -1.44168E-02, -1.41435E-02, -1.38443E-02, -1.35262E-02, -1.31948E-02, -1.28548E-02, -1.25102E-02, -1.21640E-02, -1.18189E-02, -1.14769E-02, -1.11396E-02, -1.08083E-02,
  9.22504E-03,  9.64731E-03,  1.00999E-02,  1.05855E-02,  1.11068E-02,  1.16669E-02,  1.22688E-02,  1.29154E-02,  1.36097E-02,  1.43540E-02,  1.51500E-02,  1.59980E-02,  1.68966E-02,  1.78413E-02,  1.88235E-02,NA,NA,NA,NA,NA,NA,NA,NA,NA,NA,NA,NA,NA,NA,NA,NA,NA,NA,NA,NA,NA,NA,NA,NA,NA,NA,NA,NA,NA,NA,NA,NA,NA,NA,NA,NA,NA,NA,NA,NA,NA,NA,NA,NA,NA,NA, -1.47327E-03, -4.03557E-03, -6.36678E-03, -8.45195E-03, -1.02815E-02, -1.18525E-02, -1.31688E-02, -1.42406E-02, -1.50833E-02, -1.57162E-02, -1.61610E-02, -1.64406E-02, -1.65776E-02, -1.65939E-02, -1.65098E-02, -1.63436E-02, -1.61116E-02, -1.58278E-02, -1.55044E-02, -1.51514E-02, -1.47773E-02, -1.43892E-02, -1.39926E-02, -1.35922E-02, -1.31917E-02, -1.27940E-02, -1.24013E-02, -1.20156E-02, -1.16380E-02, -1.12696E-02,
  9.50622E-03,  9.95712E-03,  1.04425E-02,  1.09656E-02,  1.15303E-02,  1.21406E-02,  1.28007E-02,  1.35153E-02,  1.42889E-02,  1.51262E-02,  1.60314E-02,  1.70076E-02,  1.80566E-02,  1.91776E-02,NA,NA,NA,NA,NA,NA,NA,NA,NA,NA,NA,NA,NA,NA,NA,NA,NA,NA,NA,NA,NA,NA,NA,NA,NA,NA,NA,NA,NA,NA,NA,NA,NA,NA,NA,NA,NA,NA,NA,NA,NA,NA,NA,NA,NA,NA,NA, -3.02015E-03, -5.74027E-03, -8.22347E-03, -1.04399E-02, -1.23703E-02, -1.40067E-02, -1.53518E-02, -1.64178E-02, -1.72239E-02, -1.77946E-02, -1.81573E-02, -1.83404E-02, -1.83717E-02, -1.82774E-02, -1.80812E-02, -1.78044E-02, -1.74652E-02, -1.70791E-02, -1.66589E-02, -1.62154E-02, -1.57571E-02, -1.52910E-02, -1.48226E-02, -1.43561E-02, -1.38949E-02, -1.34416E-02, -1.29980E-02, -1.25657E-02, -1.21454E-02, -1.17380E-02,
  9.78179E-03,  1.02612E-02,  1.07793E-02,  1.13402E-02,  1.19487E-02,  1.26100E-02,  1.33298E-02,  1.41145E-02,  1.49709E-02,  1.59064E-02,  1.69281E-02,  1.80433E-02,  1.92583E-02,  2.05772E-02,NA,NA,NA,NA,NA,NA,NA,NA,NA,NA,NA,NA,NA,NA,NA,NA,NA,NA,NA,NA,NA,NA,NA,NA,NA,NA,NA,NA,NA,NA,NA,NA,NA,NA,NA,NA,NA,NA,NA,NA,NA,NA,NA,NA,NA,NA,NA, -4.70960E-03, -7.65237E-03, -1.03412E-02, -1.27285E-02, -1.47844E-02, -1.64963E-02, -1.78677E-02, -1.89148E-02, -1.96636E-02, -2.01465E-02, -2.03987E-02, -2.04562E-02, -2.03534E-02, -2.01218E-02, -1.97894E-02, -1.93804E-02, -1.89151E-02, -1.84103E-02, -1.78796E-02, -1.73338E-02, -1.67814E-02, -1.62291E-02, -1.56820E-02, -1.51437E-02, -1.46171E-02, -1.41043E-02, -1.36066E-02, -1.31249E-02, -1.26598E-02, -1.22115E-02,
  1.00494E-02,  1.05568E-02,  1.11070E-02,  1.17053E-02,  1.23572E-02,  1.30694E-02,  1.38492E-02,  1.47049E-02,  1.56460E-02,  1.66827E-02,  1.78264E-02,  1.90889E-02,  2.04826E-02,NA,NA,NA,NA,NA,NA,NA,NA,NA,NA,NA,NA,NA,NA,NA,NA,NA,NA,NA,NA,NA,NA,NA,NA,NA,NA,NA,NA,NA,NA,NA,NA,NA,NA,NA,NA,NA,NA,NA,NA,NA,NA,NA,NA,NA,NA,NA,NA,NA,NA,NA,NA,NA,NA,NA, -2.17911E-02, -2.24529E-02, -2.28126E-02, -2.29167E-02, -2.28112E-02, -2.25388E-02, -2.21375E-02, -2.16400E-02, -2.10738E-02, -2.04612E-02, -1.98198E-02, -1.91635E-02, -1.85031E-02, -1.78466E-02, -1.71998E-02, -1.65671E-02, -1.59514E-02, -1.53549E-02, -1.47789E-02, -1.42239E-02, -1.36905E-02, -1.31785E-02, -1.26876E-02,
  1.03068E-02,  1.08411E-02,  1.14224E-02,  1.20568E-02,  1.27510E-02,  1.35129E-02,  1.43516E-02,  1.52776E-02,  1.63031E-02,  1.74418E-02,  1.87095E-02,  2.01241E-02,  2.17049E-02,NA,NA,NA,NA,NA,NA,NA,NA,NA,NA,NA,NA,NA,NA,NA,NA,NA,NA,NA,NA,NA,NA,NA,NA,NA,NA,NA,NA,NA,NA,NA,NA,NA,NA,NA,NA,NA,NA,NA,NA,NA,NA,NA,NA,NA,NA,NA,NA,NA,NA,NA,NA,NA,NA,NA,NA,NA,NA, -2.57463E-02, -2.54296E-02, -2.49433E-02, -2.43330E-02, -2.36367E-02, -2.28848E-02, -2.21010E-02, -2.13036E-02, -2.05061E-02, -1.97183E-02, -1.89473E-02, -1.81978E-02, -1.74730E-02, -1.67748E-02, -1.61041E-02, -1.54615E-02, -1.48467E-02, -1.42593E-02, -1.36986E-02, -1.31639E-02,
  1.05517E-02,  1.11113E-02,  1.17221E-02,  1.23906E-02,  1.31250E-02,  1.39342E-02,  1.48293E-02,  1.58229E-02,  1.69301E-02,  1.81684E-02,  1.95586E-02,  2.11248E-02,NA,NA,NA,NA,NA,NA,NA,NA,NA,NA,NA,NA,NA,NA,NA,NA,NA,NA,NA,NA,NA,NA,NA,NA,NA,NA,NA,NA,NA,NA,NA,NA,NA,NA,NA,NA,NA,NA,NA,NA,NA,NA,NA,NA,NA,NA,NA,NA,NA,NA,NA,NA,NA,NA,NA,NA,NA,NA,NA,NA,NA, -2.75797E-02, -2.67134E-02, -2.57790E-02, -2.48092E-02, -2.38286E-02, -2.28547E-02, -2.18997E-02, -2.09719E-02, -2.00766E-02, -1.92167E-02, -1.83938E-02, -1.76083E-02, -1.68598E-02, -1.61477E-02, -1.54708E-02, -1.48277E-02, -1.42171E-02, -1.36374E-02,
  1.07817E-02,  1.13648E-02,  1.20027E-02,  1.27028E-02,  1.34742E-02,  1.43272E-02,  1.52746E-02,  1.63311E-02,  1.75146E-02,  1.88466E-02,  2.03529E-02,  2.20645E-02,NA,NA,NA,NA,NA,NA,NA,NA,NA,NA,NA,NA,NA,NA,NA,NA,NA,NA,NA,NA,NA,NA,NA,NA,NA,NA,NA,NA,NA,NA,NA,NA,NA,NA,NA,NA,NA,NA,NA,NA,NA,NA,NA,NA,NA,NA,NA,NA,NA,NA,NA,NA,NA,NA,NA,NA,NA,NA,NA,NA,NA,NA, -2.92778E-02, -2.80606E-02, -2.68380E-02, -2.56333E-02, -2.44620E-02, -2.33338E-02, -2.22541E-02, -2.12254E-02, -2.02483E-02, -1.93221E-02, -1.84454E-02, -1.76163E-02, -1.68326E-02, -1.60918E-02, -1.53919E-02, -1.47304E-02, -1.41051E-02,
  1.09950E-02,  1.15991E-02,  1.22612E-02,  1.29895E-02,  1.37939E-02,  1.46860E-02,  1.56799E-02,  1.67925E-02,  1.80444E-02,  1.94605E-02,  2.10715E-02,  2.29152E-02,NA,NA,NA,NA,NA,NA,NA,NA,NA,NA,NA,NA,NA,NA,NA,NA,NA,NA,NA,NA,NA,NA,NA,NA,NA,NA,NA,NA,NA,NA,NA,NA,NA,NA,NA,NA,NA,NA,NA,NA,NA,NA,NA,NA,NA,NA,NA,NA,NA,NA,NA,NA,NA,NA,NA,NA,NA,NA,NA,NA,NA,NA,NA,NA, -2.89545E-02, -2.74984E-02, -2.61099E-02, -2.47940E-02, -2.35520E-02, -2.23824E-02, -2.12828E-02, -2.02495E-02, -1.92789E-02, -1.83671E-02, -1.75104E-02, -1.67049E-02, -1.59474E-02, -1.52346E-02, -1.45635E-02,
  1.11898E-02,  1.18121E-02,  1.24951E-02,  1.32476E-02,  1.40801E-02,  1.50054E-02,  1.60387E-02,  1.71987E-02,  1.85081E-02,  1.99950E-02,  2.16945E-02,NA,NA,NA,NA,NA,NA,NA,NA,NA,NA,NA,NA,NA,NA,NA,NA,NA,NA,NA,NA,NA,NA,NA,NA,NA,NA,NA,NA,NA,NA,NA,NA,NA,NA,NA,NA,NA,NA,NA,NA,NA,NA,NA,NA,NA,NA,NA,NA,NA,NA,NA,NA,NA,NA,NA,NA,NA,NA,NA,NA,NA,NA,NA,NA,NA,NA, -2.94003E-02, -2.77772E-02, -2.62620E-02, -2.48498E-02, -2.35343E-02, -2.23087E-02, -2.11663E-02, -2.01005E-02, -1.91053E-02, -1.81751E-02, -1.73048E-02, -1.64898E-02, -1.57260E-02, -1.50093E-02,
  1.13645E-02,  1.20020E-02,  1.27021E-02,  1.34742E-02,  1.43294E-02,  1.52810E-02,  1.63454E-02,  1.75423E-02,  1.88962E-02,  2.04376E-02,  2.22046E-02,NA,NA,NA,NA,NA,NA,NA,NA,NA,NA,NA,NA,NA,NA,NA,NA,NA,NA,NA,NA,NA,NA,NA,NA,NA,NA,NA,NA,NA,NA,NA,NA,NA,NA,NA,NA,NA,NA,NA,NA,NA,NA,NA,NA,NA,NA,NA,NA,NA,NA,NA,NA,NA,NA,NA,NA,NA,NA,NA,NA,NA,NA,NA,NA,NA,NA,NA, -2.94367E-02, -2.77149E-02, -2.61287E-02, -2.46654E-02, -2.33133E-02, -2.20617E-02, -2.09011E-02, -1.98231E-02, -1.88203E-02, -1.78860E-02, -1.70144E-02, -1.62002E-02, -1.54388E-02,
  1.15183E-02,  1.21675E-02,  1.28808E-02,  1.36676E-02,  1.45393E-02,  1.55099E-02,  1.65959E-02,  1.78181E-02,  1.92018E-02,  2.07788E-02,  2.25891E-02,NA,NA,NA,NA,NA,NA,NA,NA,NA,NA,NA,NA,NA,NA,NA,NA,NA,NA,NA,NA,NA,NA,NA,NA,NA,NA,NA,NA,NA,NA,NA,NA,NA,NA,NA,NA,NA,NA,NA,NA,NA,NA,NA,NA,NA,NA,NA,NA,NA,NA,NA,NA,NA,NA,NA,NA,NA,NA,NA,NA,NA,NA,NA,NA,NA,NA,NA, -3.10549E-02, -2.91262E-02, -2.73674E-02, -2.57586E-02, -2.42826E-02, -2.29244E-02, -2.16714E-02, -2.05129E-02, -1.94394E-02, -1.84429E-02, -1.75162E-02, -1.66533E-02, -1.58485E-02,
  1.16504E-02,  1.23079E-02,  1.30301E-02,  1.38265E-02,  1.47085E-02,  1.56901E-02,  1.67881E-02,  1.80232E-02,  1.94210E-02,  2.10135E-02,  2.28408E-02,NA,NA,NA,NA,NA,NA,NA,NA,NA,NA,NA,NA,NA,NA,NA,NA,NA,NA,NA,NA,NA,NA,NA,NA,NA,NA,NA,NA,NA,NA,NA,NA,NA,NA,NA,NA,NA,NA,NA,NA,NA,NA,NA,NA,NA,NA,NA,NA,NA,NA,NA,NA,NA,NA,NA,NA,NA,NA,NA,NA,NA,NA,NA,NA,NA,NA,NA,NA, -3.04657E-02, -2.85426E-02, -2.67957E-02, -2.52021E-02, -2.37427E-02, -2.24019E-02, -2.11667E-02, -2.00258E-02, -1.89698E-02, -1.79906E-02, -1.70810E-02, -1.62347E-02,
  1.17607E-02,  1.24231E-02,  1.31500E-02,  1.39508E-02,  1.48368E-02,  1.58216E-02,  1.69217E-02,  1.81574E-02,  1.95535E-02,  2.11411E-02,  2.29590E-02,NA,NA,NA,NA,NA,NA,NA,NA,NA,NA,NA,NA,NA,NA,NA,NA,NA,NA,NA,NA,NA,NA,NA,NA,NA,NA,NA,NA,NA,NA,NA,NA,NA,NA,NA,NA,NA,NA,NA,NA,NA,NA,NA,NA,NA,NA,NA,NA,NA,NA,NA,NA,NA,NA,NA,NA,NA,NA,NA,NA,NA,NA,NA,NA,NA,NA,NA,NA,NA, -2.96306E-02, -2.77586E-02, -2.60577E-02, -2.45054E-02, -2.30835E-02, -2.17769E-02, -2.05731E-02, -1.94615E-02, -1.84328E-02, -1.74793E-02, -1.65940E-02,
  1.18494E-02,  1.25133E-02,  1.32408E-02,  1.40411E-02,  1.49250E-02,  1.59055E-02,  1.69984E-02,  1.82229E-02,  1.96023E-02,  2.11658E-02,  2.29495E-02,  2.49987E-02,NA,NA,NA,NA,NA,NA,NA,NA,NA,NA,NA,NA,NA,NA,NA,NA,NA,NA,NA,NA,NA,NA,NA,NA,NA,NA,NA,NA,NA,NA,NA,NA,NA,NA,NA,NA,NA,NA,NA,NA,NA,NA,NA,NA,NA,NA,NA,NA,NA,NA,NA,NA,NA,NA,NA,NA,NA,NA,NA,NA,NA,NA,NA,NA,NA,NA,NA,NA, -3.06087E-02, -2.86302E-02, -2.68363E-02, -2.52021E-02, -2.37076E-02, -2.23366E-02, -2.10755E-02, -1.99128E-02, -1.88387E-02, -1.78446E-02, -1.69230E-02,
  1.19173E-02,  1.25795E-02,  1.33039E-02,  1.40991E-02,  1.49753E-02,  1.59447E-02,  1.70218E-02,  1.82244E-02,  1.95739E-02,  2.10964E-02,  2.28242E-02,  2.47971E-02,NA,NA,NA,NA,NA,NA,NA,NA,NA,NA,NA,NA,NA,NA,NA,NA,NA,NA,NA,NA,NA,NA,NA,NA,NA,NA,NA,NA,NA,NA,NA,NA,NA,NA,NA,NA,NA,NA,NA,NA,NA,NA,NA,NA,NA,NA,NA,NA,NA,NA,NA,NA,NA,NA,NA,NA,NA,NA,NA,NA,NA,NA,NA,NA,NA,NA,NA,NA,NA, -2.93965E-02, -2.75270E-02, -2.58241E-02, -2.42672E-02, -2.28398E-02, -2.15277E-02, -2.03193E-02, -1.92041E-02, -1.81732E-02, -1.72188E-02,
  1.19653E-02,  1.26231E-02,  1.33410E-02,  1.41270E-02,  1.49906E-02,  1.59428E-02,  1.69970E-02,  1.81687E-02,  1.94771E-02,  2.09448E-02,  2.25995E-02,  2.44745E-02,NA,NA,NA,NA,NA,NA,NA,NA,NA,NA,NA,NA,NA,NA,NA,NA,NA,NA,NA,NA,NA,NA,NA,NA,NA,NA,NA,NA,NA,NA,NA,NA,NA,NA,NA,NA,NA,NA,NA,NA,NA,NA,NA,NA,NA,NA,NA,NA,NA,NA,NA,NA,NA,NA,NA,NA,NA,NA,NA,NA,NA,NA,NA,NA,NA,NA,NA,NA,NA, -3.00479E-02, -2.81221E-02, -2.63648E-02, -2.47566E-02, -2.32814E-02, -2.19255E-02, -2.06771E-02, -1.95257E-02, -1.84623E-02, -1.74786E-02,
  1.19949E-02,  1.26458E-02,  1.33543E-02,  1.41278E-02,  1.49747E-02,  1.59049E-02,  1.69302E-02,  1.80642E-02,  1.93230E-02,  2.07258E-02,  2.22952E-02,  2.40578E-02,NA,NA,NA,NA,NA,NA,NA,NA,NA,NA,NA,NA,NA,NA,NA,NA,NA,NA,NA,NA,NA,NA,NA,NA,NA,NA,NA,NA,NA,NA,NA,NA,NA,NA,NA,NA,NA,NA,NA,NA,NA,NA,NA,NA,NA,NA,NA,NA,NA,NA,NA,NA,NA,NA,NA,NA,NA,NA,NA,NA,NA,NA,NA,NA,NA,NA,NA,NA,NA,NA, -2.86177E-02, -2.68205E-02, -2.51720E-02, -2.36578E-02, -2.22653E-02, -2.09829E-02, -1.98006E-02, -1.87090E-02, -1.76999E-02,
  1.20076E-02,  1.26496E-02,  1.33465E-02,  1.41047E-02,  1.49318E-02,  1.58365E-02,  1.68287E-02,  1.79199E-02,  1.91236E-02,  2.04552E-02,  2.19322E-02,  2.35749E-02,  2.54058E-02,NA,NA,NA,NA,NA,NA,NA,NA,NA,NA,NA,NA,NA,NA,NA,NA,NA,NA,NA,NA,NA,NA,NA,NA,NA,NA,NA,NA,NA,NA,NA,NA,NA,NA,NA,NA,NA,NA,NA,NA,NA,NA,NA,NA,NA,NA,NA,NA,NA,NA,NA,NA,NA,NA,NA,NA,NA,NA,NA,NA,NA,NA,NA,NA,NA,NA,NA,NA,NA, -2.90137E-02, -2.71898E-02, -2.55115E-02, -2.39668E-02, -2.25447E-02, -2.12344E-02, -2.00262E-02, -1.89111E-02, -1.78807E-02,
  1.20054E-02,  1.26369E-02,  1.33203E-02,  1.40614E-02,  1.48666E-02,  1.57433E-02,  1.66999E-02,  1.77457E-02,  1.88915E-02,  2.01490E-02,  2.15315E-02,  2.30533E-02,  2.47292E-02,NA,NA,NA,NA,NA,NA,NA,NA,NA,NA,NA,NA,NA,NA,NA,NA,NA,NA,NA,NA,NA,NA,NA,NA,NA,NA,NA,NA,NA,NA,NA,NA,NA,NA,NA,NA,NA,NA,NA,NA,NA,NA,NA,NA,NA,NA,NA,NA,NA,NA,NA,NA,NA,NA,NA,NA,NA,NA,NA,NA,NA,NA,NA,NA,NA,NA,NA,NA,NA, -2.93139E-02, -2.74741E-02, -2.57747E-02, -2.42071E-02, -2.27620E-02, -2.14296E-02, -2.02009E-02, -1.90668E-02, -1.80193E-02,
  1.19900E-02,  1.26100E-02,  1.32789E-02,  1.40016E-02,  1.47837E-02,  1.56313E-02,  1.65512E-02,  1.75509E-02,  1.86385E-02,  1.98227E-02,  2.11127E-02,  2.25178E-02,  2.40468E-02,  2.57068E-02,NA,NA,NA,NA,NA,NA,NA,NA,NA,NA,NA,NA,NA,NA,NA,NA,NA,NA,NA,NA,NA,NA,NA,NA,NA,NA,NA,NA,NA,NA,NA,NA,NA,NA,NA,NA,NA,NA,NA,NA,NA,NA,NA,NA,NA,NA,NA,NA,NA,NA,NA,NA,NA,NA,NA,NA,NA,NA,NA,NA,NA,NA,NA,NA,NA,NA,NA,NA, -2.95246E-02, -2.76760E-02, -2.59625E-02, -2.43784E-02, -2.29162E-02, -2.15673E-02, -2.03230E-02, -1.91747E-02, -1.81143E-02,
  1.19633E-02,  1.25712E-02,  1.32250E-02,  1.39290E-02,  1.46877E-02,  1.55062E-02,  1.63898E-02,  1.73443E-02,  1.83757E-02,  1.94900E-02,  2.06930E-02,  2.19899E-02,  2.33848E-02,  2.48792E-02,  2.64714E-02,NA,NA,NA,NA,NA,NA,NA,NA,NA,NA,NA,NA,NA,NA,NA,NA,NA,NA,NA,NA,NA,NA,NA,NA,NA,NA,NA,NA,NA,NA,NA,NA,NA,NA,NA,NA,NA,NA,NA,NA,NA,NA,NA,NA,NA,NA,NA,NA,NA,NA,NA,NA,NA,NA,NA,NA,NA,NA,NA,NA,NA,NA,NA,NA,NA,NA,NA, -2.96527E-02, -2.77990E-02, -2.60761E-02, -2.44807E-02, -2.30067E-02, -2.16465E-02, -2.03915E-02, -1.92335E-02, -1.81645E-02,
  1.19271E-02,  1.25228E-02,  1.31615E-02,  1.38469E-02,  1.45827E-02,  1.53730E-02,  1.62220E-02,  1.71339E-02,  1.81128E-02,  1.91626E-02,  2.02866E-02,  2.14867E-02,  2.27636E-02,  2.41150E-02,  2.55351E-02,  2.70126E-02,NA,NA,NA,NA,NA,NA,NA,NA,NA,NA,NA,NA,NA,NA,NA,NA,NA,NA,NA,NA,NA,NA,NA,NA,NA,NA,NA,NA,NA,NA,NA,NA,NA,NA,NA,NA,NA,NA,NA,NA,NA,NA,NA,NA,NA,NA,NA,NA,NA,NA,NA,NA,NA,NA,NA,NA,NA,NA,NA,NA,NA,NA,NA,NA,NA,NA,NA, -2.78460E-02, -2.61165E-02, -2.45140E-02, -2.30331E-02, -2.16663E-02, -2.04056E-02, -1.92425E-02, -1.81691E-02,
  1.18833E-02,  1.24668E-02,  1.30908E-02,  1.37583E-02,  1.44724E-02,  1.52364E-02,  1.60533E-02,  1.69262E-02,  1.78578E-02,  1.88503E-02,  1.99048E-02,  2.10214E-02,  2.21980E-02,  2.34302E-02,  2.47097E-02,  2.60239E-02,  2.73545E-02,NA,NA,NA,NA,NA,NA,NA,NA,NA,NA,NA,NA,NA,NA,NA,NA,NA,NA,NA,NA,NA,NA,NA,NA,NA,NA,NA,NA,NA,NA,NA,NA,NA,NA,NA,NA,NA,NA,NA,NA,NA,NA,NA,NA,NA,NA,NA,NA,NA,NA,NA,NA,NA,NA,NA,NA,NA,NA,NA,NA,NA,NA,NA,NA,NA,NA, -2.78181E-02, -2.60841E-02, -2.44782E-02, -2.29947E-02, -2.16263E-02, -2.03645E-02, -1.92009E-02, -1.81275E-02,
  1.18331E-02,  1.24050E-02,  1.30151E-02,  1.36659E-02,  1.43600E-02,  1.51000E-02,  1.58882E-02,  1.67266E-02,  1.76170E-02,  1.85602E-02,  1.95560E-02,  2.06030E-02,  2.16977E-02,  2.28341E-02,  2.40032E-02,  2.51922E-02,  2.63837E-02,  2.75559E-02,NA,NA,NA,NA,NA,NA,NA,NA,NA,NA,NA,NA,NA,NA,NA,NA,NA,NA,NA,NA,NA,NA,NA,NA,NA,NA,NA,NA,NA,NA,NA,NA,NA,NA,NA,NA,NA,NA,NA,NA,NA,NA,NA,NA,NA,NA,NA,NA,NA,NA,NA,NA,NA,NA,NA,NA,NA,NA,NA,NA,NA,NA,NA,NA,NA, -2.77142E-02, -2.59778E-02, -2.43723E-02, -2.28909E-02, -2.15257E-02, -2.02678E-02, -1.91084E-02, -1.80393E-02,
  1.17779E-02,  1.23389E-02,  1.29362E-02,  1.35718E-02,  1.42480E-02,  1.49668E-02,  1.57300E-02,  1.65390E-02,  1.73947E-02,  1.82972E-02,  1.92454E-02,  2.02370E-02,  2.12677E-02,  2.23311E-02,  2.34177E-02,  2.45154E-02,  2.56084E-02,  2.66778E-02,  2.77022E-02,NA,NA,NA,NA,NA,NA,NA,NA,NA,NA,NA,NA,NA,NA,NA,NA,NA,NA,NA,NA,NA,NA,NA,NA,NA,NA,NA,NA,NA,NA,NA,NA,NA,NA,NA,NA,NA,NA,NA,NA,NA,NA,NA,NA,NA,NA,NA,NA,NA,NA,NA,NA,NA,NA,NA,NA,NA,NA,NA,NA,NA,NA,NA,NA, -2.75311E-02, -2.57955E-02, -2.41949E-02, -2.27208E-02, -2.13640E-02, -2.01151E-02, -1.89648E-02, -1.79046E-02,
  1.17187E-02,  1.22697E-02,  1.28554E-02,  1.34776E-02,  1.41382E-02,  1.48389E-02,  1.55811E-02,  1.63659E-02,  1.71938E-02,  1.80642E-02,  1.89758E-02,  1.99258E-02,  2.09098E-02,  2.19210E-02,  2.29506E-02,  2.39870E-02,  2.50161E-02,  2.60213E-02,  2.69849E-02,  2.78894E-02,  2.87208E-02,NA,NA,NA,NA,NA,NA,NA,NA,NA,NA,NA,NA,NA,NA,NA,NA,NA,NA,NA,NA,NA,NA,NA,NA,NA,NA,NA,NA,NA,NA,NA,NA,NA,NA,NA,NA,NA,NA,NA,NA,NA,NA,NA,NA,NA,NA,NA,NA,NA,NA,NA,NA,NA,NA,NA,NA,NA,NA,NA,NA,NA, -2.91424E-02, -2.72636E-02, -2.55341E-02, -2.39442E-02, -2.24833E-02, -2.11408E-02, -1.99062E-02, -1.87701E-02, -1.77234E-02,
  1.16563E-02,  1.21983E-02,  1.27736E-02,  1.33842E-02,  1.40316E-02,  1.47174E-02,  1.54428E-02,  1.62086E-02,  1.70152E-02,  1.78621E-02,  1.87476E-02,  1.96691E-02,  2.06222E-02,  2.16006E-02,  2.25959E-02,  2.35975E-02,  2.45924E-02,  2.55657E-02,  2.65015E-02,  2.73847E-02,  2.82036E-02,NA,NA,NA,NA,NA,NA,NA,NA,NA,NA,NA,NA,NA,NA,NA,NA,NA,NA,NA,NA,NA,NA,NA,NA,NA,NA,NA,NA,NA,NA,NA,NA,NA,NA,NA,NA,NA,NA,NA,NA,NA,NA,NA,NA,NA,NA,NA,NA,NA,NA,NA,NA,NA,NA,NA,NA,NA,NA,NA,NA,NA, -2.87785E-02, -2.69057E-02, -2.51903E-02, -2.36186E-02, -2.21778E-02, -2.08558E-02, -1.96415E-02, -1.85247E-02, -1.74963E-02,
  1.15911E-02,  1.21250E-02,  1.26915E-02,  1.32922E-02,  1.39287E-02,  1.46027E-02,  1.53152E-02,  1.60671E-02,  1.68588E-02,  1.76900E-02,  1.85593E-02,  1.94643E-02,  2.04010E-02,  2.13640E-02,  2.23454E-02,  2.33354E-02,  2.43219E-02,  2.52908E-02,  2.62265E-02,  2.71137E-02,NA,NA,NA,NA,NA,NA,NA,NA,NA,NA,NA,NA,NA,NA,NA,NA,NA,NA,NA,NA,NA,NA,NA,NA,NA,NA,NA,NA,NA,NA,NA,NA,NA,NA,NA,NA,NA,NA,NA,NA,NA,NA,NA,NA,NA,NA,NA,NA,NA,NA,NA,NA,NA,NA,NA,NA,NA,NA,NA,NA,NA,NA, -2.83066E-02, -2.64522E-02, -2.47613E-02, -2.32168E-02, -2.18039E-02, -2.05094E-02, -1.93214E-02, -1.82295E-02, -1.72241E-02,
  1.15233E-02,  1.20502E-02,  1.26090E-02,  1.32016E-02,  1.38295E-02,  1.44944E-02,  1.51976E-02,  1.59402E-02,  1.67229E-02,  1.75455E-02,  1.84073E-02,  1.93066E-02,  2.02400E-02,  2.12029E-02,  2.21884E-02,  2.31875E-02,  2.41885E-02,  2.51773E-02,  2.61376E-02,NA,NA,NA,NA,NA,NA,NA,NA,NA,NA,NA,NA,NA,NA,NA,NA,NA,NA,NA,NA,NA,NA,NA,NA,NA,NA,NA,NA,NA,NA,NA,NA,NA,NA,NA,NA,NA,NA,NA,NA,NA,NA,NA,NA,NA,NA,NA,NA,NA,NA,NA,NA,NA,NA,NA,NA,NA,NA,NA,NA,NA,NA,NA, -2.77198E-02, -2.58995E-02, -2.42455E-02, -2.27385E-02, -2.13623E-02, -2.01026E-02, -1.89473E-02, -1.78856E-02, -1.69083E-02,
  1.14529E-02,  1.19736E-02,  1.25260E-02,  1.31119E-02,  1.37332E-02,  1.43916E-02,  1.50887E-02,  1.58260E-02,  1.66045E-02,  1.74249E-02,  1.82869E-02,  1.91897E-02,  2.01311E-02,  2.11074E-02,  2.21127E-02,  2.31390E-02,  2.41750E-02,  2.52062E-02,NA,NA,NA,NA,NA,NA,NA,NA,NA,NA,NA,NA,NA,NA,NA,NA,NA,NA,NA,NA,NA,NA,NA,NA,NA,NA,NA,NA,NA,NA,NA,NA,NA,NA,NA,NA,NA,NA,NA,NA,NA,NA,NA,NA,NA,NA,NA,NA,NA,NA,NA,NA,NA,NA,NA,NA,NA,NA,NA,NA,NA,NA,NA, -2.89740E-02, -2.70151E-02, -2.52466E-02, -2.36434E-02, -2.21849E-02, -2.08543E-02, -1.96371E-02, -1.85209E-02, -1.74951E-02, -1.65505E-02,
  1.13797E-02,  1.18949E-02,  1.24418E-02,  1.30223E-02,  1.36386E-02,  1.42925E-02,  1.49862E-02,  1.57215E-02,  1.65001E-02,  1.73232E-02,  1.81918E-02,  1.91058E-02,  2.00645E-02,  2.10653E-02,  2.21039E-02,  2.31731E-02,  2.42624E-02,NA,NA,NA,NA,NA,NA,NA,NA,NA,NA,NA,NA,NA,NA,NA,NA,NA,NA,NA,NA,NA,NA,NA,NA,NA,NA,NA,NA,NA,NA,NA,NA,NA,NA,NA,NA,NA,NA,NA,NA,NA,NA,NA,NA,NA,NA,NA,NA,NA,NA,NA,NA,NA,NA,NA,NA,NA,NA,NA,NA,NA,NA,NA,NA, -2.80779E-02, -2.61941E-02, -2.44957E-02, -2.29574E-02, -2.15588E-02, -2.02829E-02, -1.91156E-02, -1.80448E-02, -1.70602E-02, -1.61529E-02,
  1.13033E-02,  1.18136E-02,  1.23557E-02,  1.29318E-02,  1.35442E-02,  1.41953E-02,  1.48875E-02,  1.56232E-02,  1.64049E-02,  1.72347E-02,  1.81145E-02,  1.90457E-02,  2.00288E-02,  2.10630E-02,  2.21455E-02,  2.32707E-02,NA,NA,NA,NA,NA,NA,NA,NA,NA,NA,NA,NA,NA,NA,NA,NA,NA,NA,NA,NA,NA,NA,NA,NA,NA,NA,NA,NA,NA,NA,NA,NA,NA,NA,NA,NA,NA,NA,NA,NA,NA,NA,NA,NA,NA,NA,NA,NA,NA,NA,NA,NA,NA,NA,NA,NA,NA,NA,NA,NA,NA,NA,NA,NA,NA, -2.70490E-02, -2.52633E-02, -2.36524E-02, -2.21926E-02, -2.08645E-02, -1.96521E-02, -1.85419E-02, -1.75224E-02, -1.65841E-02, -1.57184E-02,
  1.12233E-02,  1.17288E-02,  1.22666E-02,  1.28388E-02,  1.34482E-02,  1.40974E-02,  1.47894E-02,  1.55272E-02,  1.63140E-02,  1.71529E-02,  1.80470E-02,  1.89991E-02,  2.00114E-02,  2.10849E-02,  2.22190E-02,  2.34099E-02,NA,NA,NA,NA,NA,NA,NA,NA,NA,NA,NA,NA,NA,NA,NA,NA,NA,NA,NA,NA,NA,NA,NA,NA,NA,NA,NA,NA,NA,NA,NA,NA,NA,NA,NA,NA,NA,NA,NA,NA,NA,NA,NA,NA,NA,NA,NA,NA,NA,NA,NA,NA,NA,NA,NA,NA,NA,NA,NA,NA,NA,NA,NA,NA, -2.77547E-02, -2.59009E-02, -2.42331E-02, -2.27252E-02, -2.13561E-02, -2.01082E-02, -1.89671E-02, -1.79204E-02, -1.69577E-02, -1.60702E-02, -1.52500E-02,
  1.11388E-02,  1.16399E-02,  1.21734E-02,  1.27421E-02,  1.33487E-02,  1.39964E-02,  1.46887E-02,  1.54292E-02,  1.62218E-02,  1.70708E-02,  1.79805E-02,  1.89551E-02,  1.99987E-02,  2.11144E-02,  2.23038E-02,NA,NA,NA,NA,NA,NA,NA,NA,NA,NA,NA,NA,NA,NA,NA,NA,NA,NA,NA,NA,NA,NA,NA,NA,NA,NA,NA,NA,NA,NA,NA,NA,NA,NA,NA,NA,NA,NA,NA,NA,NA,NA,NA,NA,NA,NA,NA,NA,NA,NA,NA,NA,NA,NA,NA,NA,NA,NA,NA,NA,NA,NA,NA,NA, -2.82347E-02, -2.63487E-02, -2.46514E-02, -2.31173E-02, -2.17250E-02, -2.04567E-02, -1.92973E-02, -1.82342E-02, -1.72567E-02, -1.63554E-02, -1.55226E-02, -1.47513E-02,
  1.10495E-02,  1.15459E-02,  1.20750E-02,  1.26399E-02,  1.32436E-02,  1.38897E-02,  1.45820E-02,  1.53248E-02,  1.61230E-02,  1.69816E-02,  1.79062E-02,  1.89027E-02,  1.99768E-02,  2.11339E-02,  2.23782E-02,NA,NA,NA,NA,NA,NA,NA,NA,NA,NA,NA,NA,NA,NA,NA,NA,NA,NA,NA,NA,NA,NA,NA,NA,NA,NA,NA,NA,NA,NA,NA,NA,NA,NA,NA,NA,NA,NA,NA,NA,NA,NA,NA,NA,NA,NA,NA,NA,NA,NA,NA,NA,NA,NA,NA,NA,NA,NA,NA,NA,NA,NA,NA,NA, -2.65325E-02, -2.48479E-02, -2.33207E-02, -2.19317E-02, -2.06644E-02, -1.95047E-02, -1.84402E-02, -1.74606E-02, -1.65567E-02, -1.57207E-02, -1.49459E-02, -1.42264E-02,
  1.09546E-02,  1.14459E-02,  1.19703E-02,  1.25309E-02,  1.31311E-02,  1.37747E-02,  1.44661E-02,  1.52101E-02,  1.60122E-02,  1.68785E-02,  1.78156E-02,  1.88308E-02,  1.99317E-02,  2.11259E-02,  2.24200E-02,NA,NA,NA,NA,NA,NA,NA,NA,NA,NA,NA,NA,NA,NA,NA,NA,NA,NA,NA,NA,NA,NA,NA,NA,NA,NA,NA,NA,NA,NA,NA,NA,NA,NA,NA,NA,NA,NA,NA,NA,NA,NA,NA,NA,NA,NA,NA,NA,NA,NA,NA,NA,NA,NA,NA,NA,NA,NA,NA,NA,NA,NA,NA, -2.63697E-02, -2.47550E-02, -2.32797E-02, -2.19301E-02, -2.06932E-02, -1.95571E-02, -1.85112E-02, -1.75462E-02, -1.66539E-02, -1.58270E-02, -1.50592E-02, -1.43449E-02, -1.36793E-02,
  1.08535E-02,  1.13393E-02,  1.18583E-02,  1.24137E-02,  1.30093E-02,  1.36492E-02,  1.43380E-02,  1.50811E-02,  1.58846E-02,  1.67553E-02,  1.77009E-02,  1.87297E-02,  1.98509E-02,  2.10740E-02,  2.24082E-02,NA,NA,NA,NA,NA,NA,NA,NA,NA,NA,NA,NA,NA,NA,NA,NA,NA,NA,NA,NA,NA,NA,NA,NA,NA,NA,NA,NA,NA,NA,NA,NA,NA,NA,NA,NA,NA,NA,NA,NA,NA,NA,NA,NA,NA,NA,NA,NA,NA,NA,NA,NA,NA,NA,NA,NA,NA,NA,NA,NA,NA,NA, -2.57783E-02, -2.43026E-02, -2.29353E-02, -2.16704E-02, -2.05008E-02, -1.94188E-02, -1.84168E-02, -1.74877E-02, -1.66248E-02, -1.58221E-02, -1.50744E-02, -1.43766E-02, -1.37245E-02, -1.31143E-02,
  1.07459E-02,  1.12253E-02,  1.17380E-02,  1.22872E-02,  1.28769E-02,  1.35113E-02,  1.41954E-02,  1.49349E-02,  1.57363E-02,  1.66070E-02,  1.75554E-02,  1.85908E-02,  1.97234E-02,  2.09643E-02,NA,NA,NA,NA,NA,NA,NA,NA,NA,NA,NA,NA,NA,NA,NA,NA,NA,NA,NA,NA,NA,NA,NA,NA,NA,NA,NA,NA,NA,NA,NA,NA,NA,NA,NA,NA,NA,NA,NA,NA,NA,NA,NA,NA,NA,NA,NA,NA,NA,NA,NA,NA,NA,NA,NA,NA,NA,NA,NA,NA,NA,NA, -2.46893E-02, -2.34274E-02, -2.22306E-02, -2.11029E-02, -2.00442E-02, -1.90527E-02, -1.81250E-02, -1.72573E-02, -1.64455E-02, -1.56855E-02, -1.49735E-02, -1.43058E-02, -1.36790E-02, -1.30900E-02, -1.25360E-02,
  1.06313E-02,  1.11035E-02,  1.16088E-02,  1.21505E-02,  1.27326E-02,  1.33595E-02,  1.40363E-02,  1.47690E-02,  1.55642E-02,  1.64297E-02,  1.73743E-02,  1.84078E-02,  1.95412E-02,  2.07863E-02,NA,NA,NA,NA,NA,NA,NA,NA,NA,NA,NA,NA,NA,NA,NA,NA,NA,NA,NA,NA,NA,NA,NA,NA,NA,NA,NA,NA,NA,NA,NA,NA,NA,NA,NA,NA,NA,NA,NA,NA,NA,NA,NA,NA,NA,NA,NA,NA,NA,NA,NA,NA,NA,NA,NA,NA,NA,NA,NA,NA,NA, -2.30584E-02, -2.20819E-02, -2.11192E-02, -2.01837E-02, -1.92834E-02, -1.84229E-02, -1.76040E-02, -1.68271E-02, -1.60915E-02, -1.53956E-02, -1.47377E-02, -1.41158E-02, -1.35280E-02, -1.29721E-02, -1.24464E-02, -1.19488E-02,
  1.05095E-02,  1.09736E-02,  1.14704E-02,  1.20031E-02,  1.25758E-02,  1.31929E-02,  1.38596E-02,  1.45818E-02,  1.53663E-02,  1.62209E-02,  1.71545E-02,  1.81770E-02,  1.92994E-02,  2.05339E-02,NA,NA,NA,NA,NA,NA,NA,NA,NA,NA,NA,NA,NA,NA,NA,NA,NA,NA,NA,NA,NA,NA,NA,NA,NA,NA,NA,NA,NA,NA,NA,NA,NA,NA,NA,NA,NA,NA,NA,NA,NA,NA,NA,NA,NA,NA,NA,NA,NA,NA,NA,NA,NA,NA,NA,NA,NA,NA,NA,NA, -2.08744E-02, -2.02427E-02, -1.95711E-02, -1.88804E-02, -1.81859E-02, -1.74983E-02, -1.68250E-02, -1.61709E-02, -1.55391E-02, -1.49312E-02, -1.43482E-02, -1.37901E-02, -1.32568E-02, -1.27476E-02, -1.22618E-02, -1.17986E-02, -1.13570E-02,
  1.03806E-02,  1.08356E-02,  1.13226E-02,  1.18448E-02,  1.24062E-02,  1.30112E-02,  1.36649E-02,  1.43730E-02,  1.51421E-02,  1.59800E-02,  1.68951E-02,  1.78972E-02,  1.89969E-02,  2.02056E-02,NA,NA,NA,NA,NA,NA,NA,NA,NA,NA,NA,NA,NA,NA,NA,NA,NA,NA,NA,NA,NA,NA,NA,NA,NA,NA,NA,NA,NA,NA,NA,NA,NA,NA,NA,NA,NA,NA,NA,NA,NA,NA,NA,NA,NA,NA,NA,NA,NA,NA,NA,NA,NA,NA,NA,NA,NA,NA, -1.82884E-02, -1.81612E-02, -1.79143E-02, -1.75779E-02, -1.71768E-02, -1.67311E-02, -1.62565E-02, -1.57652E-02, -1.52665E-02, -1.47675E-02, -1.42732E-02, -1.37875E-02, -1.33128E-02, -1.28511E-02, -1.24035E-02, -1.19709E-02, -1.15535E-02, -1.11515E-02, -1.07648E-02,
  1.02447E-02,  1.06896E-02,  1.11655E-02,  1.16758E-02,  1.22241E-02,  1.28146E-02,  1.34523E-02,  1.41427E-02,  1.48920E-02,  1.57075E-02,  1.65972E-02,  1.75701E-02,  1.86359E-02,  1.98050E-02,  2.10874E-02,NA,NA,NA,NA,NA,NA,NA,NA,NA,NA,NA,NA,NA,NA,NA,NA,NA,NA,NA,NA,NA,NA,NA,NA,NA,NA,NA,NA,NA,NA,NA,NA,NA,NA,NA,NA,NA,NA,NA,NA,NA,NA,NA,NA,NA,NA,NA,NA,NA,NA,NA,NA,NA,NA,NA, -1.41679E-02, -1.46643E-02, -1.49752E-02, -1.51297E-02, -1.51550E-02, -1.50756E-02, -1.49132E-02, -1.46863E-02, -1.44104E-02, -1.40984E-02, -1.37608E-02, -1.34059E-02, -1.30405E-02, -1.26697E-02, -1.22979E-02, -1.19280E-02, -1.15626E-02, -1.12036E-02, -1.08522E-02, -1.05095E-02, -1.01762E-02,
  1.01021E-02,  1.05359E-02,  1.09996E-02,  1.14965E-02,  1.20299E-02,  1.26039E-02,  1.32230E-02,  1.38923E-02,  1.46178E-02,  1.54058E-02,  1.62638E-02,  1.71997E-02,  1.82220E-02,  1.93395E-02,  2.05604E-02,NA,NA,NA,NA,NA,NA,NA,NA,NA,NA,NA,NA,NA,NA,NA,NA,NA,NA,NA,NA,NA,NA,NA,NA,NA,NA,NA,NA,NA,NA,NA,NA,NA,NA,NA,NA,NA,NA,NA,NA,NA,NA,NA,NA,NA,NA,NA,NA,NA,NA,NA,NA,NA,NA,NA,NA, -1.13996E-02, -1.19468E-02, -1.23401E-02, -1.25990E-02, -1.27429E-02, -1.27900E-02, -1.27572E-02, -1.26593E-02, -1.25094E-02, -1.23186E-02, -1.20961E-02, -1.18500E-02, -1.15865E-02, -1.13109E-02, -1.10276E-02, -1.07400E-02, -1.04509E-02, -1.01626E-02, -9.87679E-03, -9.59485E-03,
  9.95318E-03,  1.03750E-02,  1.08256E-02,  1.13077E-02,  1.18247E-02,  1.23802E-02,  1.29784E-02,  1.36239E-02,  1.43219E-02,  1.50783E-02,  1.58994E-02,  1.67920E-02,  1.77631E-02,  1.88197E-02,  1.99682E-02,NA,NA,NA,NA,NA,NA,NA,NA,NA,NA,NA,NA,NA,NA,NA,NA,NA,NA,NA,NA,NA,NA,NA,NA,NA,NA,NA,NA,NA,NA,NA,NA,NA,NA,NA,NA,NA,NA,NA,NA,NA,NA,NA,NA,NA,NA,NA,NA,NA,NA,NA,NA,NA,NA,NA,NA, -8.44530E-03, -9.19156E-03, -9.78789E-03, -1.02472E-02, -1.05842E-02, -1.08141E-02, -1.09521E-02, -1.10122E-02, -1.10073E-02, -1.09488E-02, -1.08466E-02, -1.07095E-02, -1.05447E-02, -1.03584E-02, -1.01557E-02, -9.94095E-03, -9.71774E-03, -9.48901E-03, -9.25714E-03, -9.02411E-03,
  9.79867E-03,  1.02079E-02,  1.06443E-02,  1.11107E-02,  1.16099E-02,  1.21453E-02,  1.27206E-02,  1.33400E-02,  1.40079E-02,  1.47293E-02,  1.55095E-02,  1.63542E-02,  1.72687E-02,  1.82584E-02,  1.93274E-02,NA,NA,NA,NA,NA,NA,NA,NA,NA,NA,NA,NA,NA,NA,NA,NA,NA,NA,NA,NA,NA,NA,NA,NA,NA,NA,NA,NA,NA,NA,NA,NA,NA,NA,NA,NA,NA,NA,NA,NA,NA,NA,NA,NA,NA,NA,NA,NA,NA,NA,NA,NA,NA,NA,NA,NA,NA, -6.70117E-03, -7.46967E-03, -8.09990E-03, -8.60264E-03, -8.99062E-03, -9.27727E-03, -9.47590E-03, -9.59909E-03, -9.65838E-03, -9.66415E-03, -9.62551E-03, -9.55042E-03, -9.44572E-03, -9.31725E-03, -9.16998E-03, -9.00808E-03, -8.83507E-03, -8.65391E-03, -8.46703E-03,
  9.63926E-03,  1.00352E-02,  1.04568E-02,  1.09065E-02,  1.13869E-02,  1.19011E-02,  1.24521E-02,  1.30437E-02,  1.36795E-02,  1.43637E-02,  1.51006E-02,  1.58944E-02,  1.67493E-02,  1.76687E-02,  1.86551E-02,  1.97086E-02,NA,NA,NA,NA,NA,NA,NA,NA,NA,NA,NA,NA,NA,NA,NA,NA,NA,NA,NA,NA,NA,NA,NA,NA,NA,NA,NA,NA,NA,NA,NA,NA,NA,NA,NA,NA,NA,NA,NA,NA,NA,NA,NA,NA,NA,NA,NA,NA,NA,NA,NA,NA,NA,NA,NA,NA, -4.47128E-03, -5.38383E-03, -6.15778E-03, -6.80068E-03, -7.32313E-03, -7.73721E-03, -8.05547E-03, -8.29016E-03, -8.45280E-03, -8.55393E-03, -8.60302E-03, -8.60844E-03, -8.57749E-03, -8.51650E-03, -8.43094E-03, -8.32546E-03, -8.20403E-03, -8.07002E-03, -7.92628E-03,
  9.47575E-03,  9.85792E-03,  1.02642E-02,  1.06966E-02,  1.11576E-02,  1.16497E-02,  1.21756E-02,  1.27383E-02,  1.33409E-02,  1.39867E-02,  1.46789E-02,  1.54209E-02,  1.62151E-02,  1.70639E-02,  1.79677E-02,  1.89257E-02,NA,NA,NA,NA,NA,NA,NA,NA,NA,NA,NA,NA,NA,NA,NA,NA,NA,NA,NA,NA,NA,NA,NA,NA,NA,NA,NA,NA,NA,NA,NA,NA,NA,NA,NA,NA,NA,NA,NA,NA,NA,NA,NA,NA,NA,NA,NA,NA,NA,NA,NA,NA,NA,NA,NA,NA, -2.50083E-03, -3.53026E-03, -4.42166E-03, -5.18001E-03, -5.81415E-03, -6.33502E-03, -6.75444E-03, -7.08428E-03, -7.33591E-03, -7.51991E-03, -7.64589E-03, -7.72245E-03, -7.75719E-03, -7.75676E-03, -7.72697E-03, -7.67280E-03, -7.59857E-03, -7.50796E-03, -7.40414E-03,
  9.30900E-03,  9.67716E-03,  1.00678E-02,  1.04826E-02,  1.09238E-02,  1.13934E-02,  1.18937E-02,  1.24271E-02,  1.29962E-02,  1.36034E-02,  1.42511E-02,  1.49414E-02,  1.56760E-02,  1.64557E-02,  1.72801E-02,  1.81470E-02,  1.90518E-02,NA,NA,NA,NA,NA,NA,NA,NA,NA,NA,NA,NA,NA,NA,NA,NA,NA,NA,NA,NA,NA,NA,NA,NA,NA,NA,NA,NA,NA,NA,NA,NA,NA,NA,NA,NA,NA,NA,NA,NA,NA,NA,NA,NA,NA,NA,NA,NA,NA,NA,NA,NA,NA,NA,NA,NA, -1.90946E-03, -2.89211E-03, -3.74148E-03, -4.46492E-03, -5.07232E-03, -5.57479E-03, -5.98373E-03, -6.31022E-03, -6.56472E-03, -6.75680E-03, -6.89513E-03, -6.98745E-03, -7.04056E-03, -7.06048E-03, -7.05240E-03, -7.02085E-03, -6.96976E-03, -6.90250E-03,
  9.13992E-03,  9.49396E-03,  9.86878E-03,  1.02660E-02,  1.06872E-02,  1.11343E-02,  1.16091E-02,  1.21135E-02,  1.26495E-02,  1.32187E-02,  1.38229E-02,  1.44634E-02,  1.51407E-02,  1.58549E-02,  1.66047E-02,  1.73873E-02,  1.81979E-02,  1.90295E-02,NA,NA,NA,NA,NA,NA,NA,NA,NA,NA,NA,NA,NA,NA,NA,NA,NA,NA,NA,NA,NA,NA,NA,NA,NA,NA,NA,NA,NA,NA,NA,NA,NA,NA,NA,NA,NA,NA,NA,NA,NA,NA,NA,NA,NA,NA,NA,NA,NA,NA,NA,NA,NA,NA,NA, -5.21203E-04, -1.56851E-03, -2.48451E-03, -3.27512E-03, -3.94917E-03, -4.51697E-03, -4.98931E-03, -5.37684E-03, -5.68970E-03, -5.93728E-03, -6.12815E-03, -6.26999E-03, -6.36966E-03, -6.43322E-03, -6.46596E-03, -6.47255E-03, -6.45702E-03, -6.42290E-03,
  8.96938E-03,  9.30935E-03,  9.66850E-03,  1.00481E-02,  1.04497E-02,  1.08747E-02,  1.13244E-02,  1.18005E-02,  1.23043E-02,  1.28371E-02,  1.33997E-02,  1.39929E-02,  1.46166E-02,  1.52701E-02,  1.59516E-02,  1.66579E-02,  1.73845E-02,  1.81251E-02,  1.88716E-02,NA,NA,NA,NA,NA,NA,NA,NA,NA,NA,NA,NA,NA,NA,NA,NA,NA,NA,NA,NA,NA,NA,NA,NA,NA,NA,NA,NA,NA,NA,NA,NA,NA,NA,NA,NA,NA,NA,NA,NA,NA,NA,NA,NA,NA,NA,NA,NA,NA,NA,NA,NA,NA,NA,  6.37149E-04, -4.48029E-04, -1.40642E-03, -2.24248E-03, -2.96382E-03, -3.57977E-03, -4.10033E-03, -4.53553E-03, -4.89501E-03, -5.18780E-03, -5.42219E-03, -5.60571E-03, -5.74507E-03, -5.84629E-03, -5.91465E-03, -5.95482E-03, -5.97090E-03, -5.96646E-03,
  8.79826E-03,  9.12436E-03,  9.46809E-03,  9.83057E-03,  1.02129E-02,  1.06164E-02,  1.10420E-02,  1.14909E-02,  1.19641E-02,  1.24623E-02,  1.29860E-02,  1.35353E-02,  1.41097E-02,  1.47081E-02,  1.53284E-02,  1.59673E-02,  1.66207E-02,  1.72827E-02,  1.79470E-02,  1.86064E-02,NA,NA,NA,NA,NA,NA,NA,NA,NA,NA,NA,NA,NA,NA,NA,NA,NA,NA,NA,NA,NA,NA,NA,NA,NA,NA,NA,NA,NA,NA,NA,NA,NA,NA,NA,NA,NA,NA,NA,NA,NA,NA,NA,NA,NA,NA,NA,NA,NA,NA,NA,NA,NA,  1.57213E-03,  4.75407E-04, -5.01867E-04, -1.36245E-03, -2.11254E-03, -2.76026E-03, -3.31458E-03, -3.78470E-03, -4.17960E-03, -4.50776E-03, -4.77705E-03, -4.99466E-03, -5.16709E-03, -5.30016E-03, -5.39905E-03, -5.46836E-03, -5.51215E-03, -5.53398E-03,
  8.62735E-03,  8.93991E-03,  9.26865E-03,  9.61450E-03,  9.97839E-03,  1.03612E-02,  1.07638E-02,  1.11871E-02,  1.16315E-02,  1.20975E-02,  1.25854E-02,  1.30947E-02,  1.36247E-02,  1.41741E-02,  1.47406E-02,  1.53212E-02,  1.59120E-02,  1.65080E-02,  1.71039E-02,  1.76940E-02,  1.82732E-02,NA,NA,NA,NA,NA,NA,NA,NA,NA,NA,NA,NA,NA,NA,NA,NA,NA,NA,NA,NA,NA,NA,NA,NA,NA,NA,NA,NA,NA,NA,NA,NA,NA,NA,NA,NA,NA,NA,NA,NA,NA,NA,NA,NA,NA,NA,NA,NA,NA,NA,NA,NA,  2.29521E-03,  1.21173E-03,  2.37610E-04, -6.27973E-04, -1.38954E-03, -2.05374E-03, -2.62835E-03, -3.12151E-03, -3.54133E-03, -3.89561E-03, -4.19165E-03, -4.43619E-03, -4.63536E-03, -4.79472E-03, -4.91925E-03, -5.01340E-03, -5.08111E-03, -5.12590E-03,
  8.45739E-03,  8.75686E-03,  9.07118E-03,  9.40109E-03,  9.74735E-03,  1.01107E-02,  1.04917E-02,  1.08909E-02,  1.13087E-02,  1.17454E-02,  1.22006E-02,  1.26741E-02,  1.31649E-02,  1.36714E-02,  1.41917E-02,  1.47229E-02,  1.52615E-02,  1.58035E-02,  1.63442E-02,  1.68792E-02,  1.74042E-02,  1.79165E-02,  1.84152E-02,NA,NA,NA,NA,NA,NA,NA,NA,NA,NA,NA,NA,NA,NA,NA,NA,NA,NA,NA,NA,NA,NA,NA,NA,NA,NA,NA,NA,NA,NA,NA,NA,NA,NA,NA,NA,NA,NA,NA,NA,NA,NA,NA,NA,NA,NA,NA,NA,NA,NA,  2.82312E-03,  1.77489E-03,  8.23594E-04, -2.94838E-05, -7.86972E-04, -1.45387E-03, -2.03652E-03, -2.54187E-03, -2.97701E-03, -3.34890E-03, -3.66414E-03, -3.92892E-03, -4.14893E-03, -4.32936E-03, -4.47490E-03, -4.58979E-03, -4.67781E-03, -4.74233E-03,
  8.28905E-03,  8.57596E-03,  8.87650E-03,  9.19130E-03,  9.52094E-03,  9.86597E-03,  1.02269E-02,  1.06040E-02,  1.09976E-02,  1.14076E-02,  1.18338E-02,  1.22757E-02,  1.27323E-02,  1.32022E-02,  1.36835E-02,  1.41738E-02,  1.46701E-02,  1.51692E-02,  1.56673E-02,  1.61607E-02,  1.66460E-02,  1.71206E-02,  1.75828E-02,NA,NA,NA,NA,NA,NA,NA,NA,NA,NA,NA,NA,NA,NA,NA,NA,NA,NA,NA,NA,NA,NA,NA,NA,NA,NA,NA,NA,NA,NA,NA,NA,NA,NA,NA,NA,NA,NA,NA,NA,NA,NA,NA,NA,NA,NA,NA,NA,NA,NA,  3.17731E-03,  2.18247E-03,  1.27049E-03,  4.44809E-04, -2.95219E-04, -9.52816E-04, -1.53276E-03, -2.04069E-03, -2.48256E-03, -2.86438E-03, -3.19198E-03, -3.47091E-03, -3.70631E-03, -3.90295E-03, -4.06520E-03, -4.19699E-03, -4.30189E-03, -4.38312E-03,
  8.12290E-03,  8.39785E-03,  8.68535E-03,  8.98591E-03,  9.30001E-03,  9.62808E-03,  9.97049E-03,  1.03275E-02,  1.06991E-02,  1.10854E-02,  1.14861E-02,  1.19005E-02,  1.23279E-02,  1.27669E-02,  1.32162E-02,  1.36736E-02,  1.41369E-02,  1.46034E-02,  1.50704E-02,  1.55350E-02,  1.59947E-02,  1.64471E-02,  1.68905E-02,  1.73230E-02,NA,NA,NA,NA,NA,NA,NA,NA,NA,NA,NA,NA,NA,NA,NA,NA,NA,NA,NA,NA,NA,NA,NA,NA,NA,NA,NA,NA,NA,NA,NA,NA,NA,NA,NA,NA,NA,NA,NA,NA,NA,NA,NA,NA,NA,NA,NA,NA,NA,  3.38265E-03,  2.45477E-03,  1.59488E-03,  8.08441E-04,  9.67767E-05, -5.41546E-04, -1.10972E-03, -1.61199E-03, -2.05313E-03, -2.43816E-03, -2.77207E-03, -3.05967E-03, -3.30556E-03, -3.51401E-03, -3.68900E-03, -3.83414E-03, -3.95275E-03, -4.04784E-03,
  7.95940E-03,  8.22304E-03,  8.49827E-03,  8.78554E-03,  9.08523E-03,  9.39771E-03,  9.72325E-03,  1.00620E-02,  1.04142E-02,  1.07795E-02,  1.11579E-02,  1.15489E-02,  1.19517E-02,  1.23655E-02,  1.27890E-02,  1.32208E-02,  1.36593E-02,  1.41026E-02,  1.45490E-02,  1.49966E-02,  1.54438E-02,  1.58892E-02,  1.63315E-02,  1.67692E-02,  1.71997E-02,NA,NA,NA,NA,NA,NA,NA,NA,NA,NA,NA,NA,NA,NA,NA,NA,NA,NA,NA,NA,NA,NA,NA,NA,NA,NA,NA,NA,NA,NA,NA,NA,NA,NA,NA,NA,NA,NA,NA,NA,NA,NA,NA,NA,NA,NA,NA,  4.35828E-03,  3.46582E-03,  2.61362E-03,  1.81462E-03,  1.07604E-03,  4.01008E-04, -2.10232E-04, -7.59333E-04, -1.24917E-03, -1.68335E-03, -2.06586E-03, -2.40082E-03, -2.69234E-03, -2.94437E-03, -3.16070E-03, -3.34485E-03, -3.50012E-03, -3.62953E-03, -3.73584E-03,
  7.79892E-03,  8.05192E-03,  8.31570E-03,  8.59062E-03,  8.87704E-03,  9.17527E-03,  9.48556E-03,  9.80809E-03,  1.01429E-02,  1.04901E-02,  1.08494E-02,  1.12205E-02,  1.16031E-02,  1.19965E-02,  1.24000E-02,  1.28127E-02,  1.32337E-02,  1.36621E-02,  1.40971E-02,  1.45381E-02,  1.49847E-02,  1.54368E-02,  1.58947E-02,  1.63583E-02,  1.68270E-02,NA,NA,NA,NA,NA,NA,NA,NA,NA,NA,NA,NA,NA,NA,NA,NA,NA,NA,NA,NA,NA,NA,NA,NA,NA,NA,NA,NA,NA,NA,NA,NA,NA,NA,NA,NA,NA,NA,NA,NA,NA,NA,NA,NA,NA,NA,NA,  4.25129E-03,  3.45347E-03,  2.68101E-03,  1.94787E-03,  1.26262E-03,  6.29864E-04,  5.13577E-05, -4.73153E-04, -9.45271E-04, -1.36747E-03, -1.74275E-03, -2.07438E-03, -2.36573E-03, -2.62015E-03, -2.84090E-03, -3.03107E-03, -3.19358E-03, -3.33115E-03, -3.44629E-03,
  7.64175E-03,  7.88479E-03,  8.13790E-03,  8.40143E-03,  8.67570E-03,  8.96100E-03,  9.25759E-03,  9.56566E-03,  9.88536E-03,  1.02168E-02,  1.05599E-02,  1.09146E-02,  1.12807E-02,  1.16581E-02,  1.20465E-02,  1.24457E-02,  1.28556E-02,  1.32761E-02,  1.37076E-02,  1.41508E-02,  1.46068E-02,  1.50774E-02,  1.55648E-02,  1.60719E-02,  1.66016E-02,  1.71566E-02,NA,NA,NA,NA,NA,NA,NA,NA,NA,NA,NA,NA,NA,NA,NA,NA,NA,NA,NA,NA,NA,NA,NA,NA,NA,NA,NA,NA,NA,NA,NA,NA,NA,NA,NA,NA,NA,NA,NA,NA,NA,NA,NA,NA,NA,  4.77319E-03,  4.07588E-03,  3.37065E-03,  2.67799E-03,  2.01223E-03,  1.38286E-03,  7.95603E-04,  2.53447E-04, -2.42659E-04, -6.93186E-04, -1.09958E-03, -1.46391E-03, -1.78865E-03, -2.07647E-03, -2.33012E-03, -2.55234E-03, -2.74578E-03, -2.91299E-03, -3.05638E-03, -3.17820E-03,
  7.48807E-03,  7.72182E-03,  7.96505E-03,  8.21810E-03,  8.48128E-03,  8.75490E-03,  9.03923E-03,  9.33453E-03,  9.64103E-03,  9.95892E-03,  1.02884E-02,  1.06295E-02,  1.09826E-02,  1.13478E-02,  1.17253E-02,  1.21157E-02,  1.25196E-02,  1.29379E-02,  1.33723E-02,  1.38247E-02,  1.42980E-02,  1.47962E-02,  1.53240E-02,  1.58878E-02,  1.64952E-02,  1.71553E-02,NA,NA,NA,NA,NA,NA,NA,NA,NA,NA,NA,NA,NA,NA,NA,NA,NA,NA,NA,NA,NA,NA,NA,NA,NA,NA,NA,NA,NA,NA,NA,NA,NA,NA,NA,NA,NA,NA,NA,NA,NA,NA,NA,NA,NA,  4.45890E-03,  3.85795E-03,  3.23972E-03,  2.62367E-03,  2.02398E-03,  1.45055E-03,  9.09895E-04,  4.05886E-04, -5.95482E-05, -4.85927E-04, -8.73796E-04, -1.22442E-03, -1.53951E-03, -1.82112E-03, -2.07140E-03, -2.29261E-03, -2.48698E-03, -2.65670E-03, -2.80387E-03, -2.93047E-03,
  7.33799E-03,  7.56309E-03,  7.79719E-03,  8.04062E-03,  8.29371E-03,  8.55679E-03,  8.83019E-03,  9.11424E-03,  9.40927E-03,  9.71562E-03,  1.00337E-02,  1.03638E-02,  1.07066E-02,  1.10626E-02,  1.14328E-02,  1.18180E-02,  1.22199E-02,  1.26405E-02,  1.30824E-02,  1.35491E-02,  1.40453E-02,  1.45771E-02,  1.51524E-02,  1.57812E-02,  1.64761E-02,  1.72536E-02,NA,NA,NA,NA,NA,NA,NA,NA,NA,NA,NA,NA,NA,NA,NA,NA,NA,NA,NA,NA,NA,NA,NA,NA,NA,NA,NA,NA,NA,NA,NA,NA,NA,NA,NA,NA,NA,NA,NA,NA,NA,NA,NA,NA,  4.60335E-03,  4.13436E-03,  3.61881E-03,  3.07959E-03,  2.53463E-03,  1.99754E-03,  1.47818E-03,  9.83458E-04,  5.17858E-04,  8.40230E-05, -3.16809E-04, -6.84444E-04, -1.01944E-03, -1.32288E-03, -1.59620E-03, -1.84106E-03, -2.05926E-03, -2.25263E-03, -2.42300E-03, -2.57218E-03, -2.70191E-03,
  7.19154E-03,  7.40860E-03,  7.63426E-03,  7.86887E-03,  8.11278E-03,  8.36637E-03,  8.63002E-03,  8.90416E-03,  9.18923E-03,  9.48573E-03,  9.79425E-03,  1.01155E-02,  1.04502E-02,  1.07996E-02,  1.11649E-02,  1.15479E-02,  1.19508E-02,  1.23765E-02,  1.28290E-02,  1.33130E-02,  1.38352E-02,  1.44038E-02,  1.50295E-02,  1.57261E-02,  1.65115E-02,  1.74088E-02,NA,NA,NA,NA,NA,NA,NA,NA,NA,NA,NA,NA,NA,NA,NA,NA,NA,NA,NA,NA,NA,NA,NA,NA,NA,NA,NA,NA,NA,NA,NA,NA,NA,NA,NA,NA,NA,NA,NA,NA,NA,NA,NA,  4.53530E-03,  4.21191E-03,  3.81718E-03,  3.37504E-03,  2.90550E-03,  2.42468E-03,  1.94520E-03,  1.47660E-03,  1.02582E-03,  5.97661E-04,  1.95253E-04, -1.79614E-04, -5.26164E-04, -8.44378E-04, -1.13480E-03, -1.39835E-03, -1.63624E-03, -1.84985E-03, -2.04064E-03, -2.21014E-03, -2.35985E-03, -2.49127E-03,
  7.04869E-03,  7.25827E-03,  7.47613E-03,  7.70264E-03,  7.93820E-03,  8.18321E-03,  8.43815E-03,  8.70353E-03,  8.97991E-03,  9.26797E-03,  9.56848E-03,  9.88241E-03,  1.02109E-02,  1.05554E-02,  1.09178E-02,  1.13004E-02,  1.17061E-02,  1.21387E-02,  1.26032E-02,  1.31059E-02,  1.36547E-02,  1.42600E-02,  1.49353E-02,  1.56977E-02,  1.65696E-02,  1.75802E-02,NA,NA,NA,NA,NA,NA,NA,NA,NA,NA,NA,NA,NA,NA,NA,NA,NA,NA,NA,NA,NA,NA,NA,NA,NA,NA,NA,NA,NA,NA,NA,NA,NA,NA,NA,NA,NA,NA,NA,NA,NA,NA,  4.30381E-03,  4.12316E-03,  3.85429E-03,  3.51953E-03,  3.13879E-03,  2.72914E-03,  2.30477E-03,  1.87708E-03,  1.45497E-03,  1.04518E-03,  6.52589E-04,  2.80576E-04, -6.86969E-05, -3.94026E-04, -6.94948E-04, -9.71557E-04, -1.22436E-03, -1.45418E-03, -1.66200E-03, -1.84900E-03, -2.01637E-03, -2.16539E-03, -2.29732E-03,
  6.90934E-03,  7.11196E-03,  7.32260E-03,  7.54166E-03,  7.76957E-03,  8.00681E-03,  8.25392E-03,  8.51149E-03,  8.78022E-03,  9.06095E-03,  9.35465E-03,  9.66251E-03,  9.98600E-03,  1.03269E-02,  1.06875E-02,  1.10707E-02,  1.14801E-02,  1.19202E-02,  1.23968E-02,  1.29174E-02,  1.34914E-02,  1.41308E-02,  1.48513E-02,  1.56728E-02,  1.66213E-02,  1.77310E-02,NA,NA,NA,NA,NA,NA,NA,NA,NA,NA,NA,NA,NA,NA,NA,NA,NA,NA,NA,NA,NA,NA,NA,NA,NA,NA,NA,NA,NA,NA,NA,NA,NA,NA,NA,NA,NA,NA,NA,NA,NA,  3.97416E-03,  3.91739E-03,  3.76547E-03,  3.53678E-03,  3.24899E-03,  2.91830E-03,  2.55898E-03,  2.18323E-03,  1.80111E-03,  1.42073E-03,  1.04840E-03,  6.88870E-04,  3.45597E-04,  2.09472E-05, -2.83593E-04, -5.67232E-04, -8.29722E-04, -1.07123E-03, -1.29224E-03, -1.49344E-03, -1.67571E-03, -1.84000E-03, -1.98734E-03, -2.11878E-03,
  6.77338E-03,  6.96949E-03,  7.17342E-03,  7.38559E-03,  7.60647E-03,  7.83661E-03,  8.07660E-03,  8.32714E-03,  8.58905E-03,  8.86329E-03,  9.15103E-03,  9.45368E-03,  9.77295E-03,  1.01110E-02,  1.04704E-02,  1.08545E-02,  1.12675E-02,  1.17144E-02,  1.22020E-02,  1.27384E-02,  1.33342E-02,  1.40028E-02,  1.47613E-02,  1.56316E-02,  1.66424E-02,  1.78307E-02,NA,NA,NA,NA,NA,NA,NA,NA,NA,NA,NA,NA,NA,NA,NA,NA,NA,NA,NA,NA,NA,NA,NA,NA,NA,NA,NA,NA,NA,NA,NA,NA,NA,NA,NA,NA,NA,NA,NA,NA,NA,  3.65406E-03,  3.59760E-03,  3.46225E-03,  3.26167E-03,  3.00948E-03,  2.71859E-03,  2.40069E-03,  2.06604E-03,  1.72333E-03,  1.37974E-03,  1.04103E-03,  7.11686E-04,  3.95085E-04,  9.36570E-05, -1.90949E-04, -4.57724E-04, -7.06169E-04, -9.36186E-04, -1.14799E-03, -1.34203E-03, -1.51891E-03, -1.67939E-03, -1.82427E-03, -1.95442E-03,
  6.64064E-03,  6.83064E-03,  7.02830E-03,  7.23405E-03,  7.44843E-03,  7.67201E-03,  7.90546E-03,  8.14957E-03,  8.40526E-03,  8.67362E-03,  8.95598E-03,  9.25391E-03,  9.56937E-03,  9.90473E-03,  1.02629E-02,  1.06477E-02,  1.10634E-02,  1.15159E-02,  1.20121E-02,  1.25610E-02,  1.31739E-02,  1.38648E-02,  1.46520E-02,  1.55584E-02,  1.66137E-02,  1.78565E-02,NA,NA,NA,NA,NA,NA,NA,NA,NA,NA,NA,NA,NA,NA,NA,NA,NA,NA,NA,NA,NA,NA,NA,NA,NA,NA,NA,NA,NA,NA,NA,NA,NA,NA,NA,NA,NA,NA,NA,NA,  3.39502E-03,  3.40306E-03,  3.33873E-03,  3.21054E-03,  3.02827E-03,  2.80214E-03,  2.54216E-03,  2.25771E-03,  1.95721E-03,  1.64804E-03,  1.33640E-03,  1.02743E-03,  7.25232E-04,  4.32998E-04,  1.53115E-04, -1.12711E-04, -3.63343E-04, -5.98113E-04, -8.16730E-04, -1.01920E-03, -1.20577E-03, -1.37685E-03, -1.53299E-03, -1.67484E-03, -1.80308E-03,
  6.51093E-03,  6.69518E-03,  6.88693E-03,  7.08667E-03,  7.29495E-03,  7.51241E-03,  7.73977E-03,  7.97789E-03,  8.22778E-03,  8.49064E-03,  8.76792E-03,  9.06134E-03,  9.37304E-03,  9.70557E-03,  1.00621E-02,  1.04466E-02,  1.08637E-02,  1.13196E-02,  1.18215E-02,  1.23787E-02,  1.30028E-02,  1.37083E-02,  1.45135E-02,  1.54416E-02,  1.65222E-02,  1.77934E-02,NA,NA,NA,NA,NA,NA,NA,NA,NA,NA,NA,NA,NA,NA,NA,NA,NA,NA,NA,NA,NA,NA,NA,NA,NA,NA,NA,NA,NA,NA,NA,NA,NA,NA,NA,NA,NA,NA,NA,  3.19743E-03,  3.23344E-03,  3.21119E-03,  3.13352E-03,  3.00558E-03,  2.83400E-03,  2.62615E-03,  2.38960E-03,  2.13167E-03,  1.85915E-03,  1.57813E-03,  1.29390E-03,  1.01090E-03,  7.32804E-04,  4.62543E-04,  2.02379E-04, -4.60059E-05, -2.81424E-04, -5.03108E-04, -7.10635E-04, -9.03861E-04, -1.08287E-03, -1.24791E-03, -1.39937E-03, -1.53775E-03, -1.66360E-03,
  6.38406E-03,  6.56284E-03,  6.74901E-03,  6.94305E-03,  7.14557E-03,  7.35723E-03,  7.57881E-03,  7.81124E-03,  8.05558E-03,  8.31313E-03,  8.58542E-03,  8.87430E-03,  9.18200E-03,  9.51123E-03,  9.86529E-03,  1.02482E-02,  1.06650E-02,  1.11216E-02,  1.16257E-02,  1.21865E-02,  1.28155E-02,  1.35271E-02,  1.43392E-02,  1.52743E-02,  1.63609E-02,  1.76349E-02,  1.91426E-02,NA,NA,NA,NA,NA,NA,NA,NA,NA,NA,NA,NA,NA,NA,NA,NA,NA,NA,NA,NA,NA,NA,NA,NA,NA,NA,NA,NA,NA,NA,NA,NA,NA,NA,NA,NA,NA,NA,  3.13409E-03,  3.12176E-03,  3.06834E-03,  2.97412E-03,  2.84166E-03,  2.67506E-03,  2.47938E-03,  2.26015E-03,  2.02291E-03,  1.77301E-03,  1.51537E-03,  1.25438E-03,  9.93827E-04,  7.36913E-04,  4.86255E-04,  2.43937E-04,  1.15578E-05, -2.09705E-04, -4.19040E-04, -6.15944E-04, -8.00170E-04, -9.71680E-04, -1.13060E-03, -1.27720E-03, -1.41183E-03, -1.53494E-03,
  6.25982E-03,  6.43339E-03,  6.61421E-03,  6.80281E-03,  6.99982E-03,  7.20592E-03,  7.42194E-03,  7.64884E-03,  7.88775E-03,  8.14002E-03,  8.40723E-03,  8.69132E-03,  8.99457E-03,  9.31977E-03,  9.67027E-03,  1.00502E-02,  1.04644E-02,  1.09191E-02,  1.14215E-02,  1.19809E-02,  1.26084E-02,  1.33176E-02,  1.41258E-02,  1.50538E-02,  1.61281E-02,  1.73815E-02,  1.88552E-02,NA,NA,NA,NA,NA,NA,NA,NA,NA,NA,NA,NA,NA,NA,NA,NA,NA,NA,NA,NA,NA,NA,NA,NA,NA,NA,NA,NA,NA,NA,NA,NA,NA,NA,NA,NA,NA,  3.14004E-03,  3.10560E-03,  3.04868E-03,  2.96491E-03,  2.85272E-03,  2.71271E-03,  2.54704E-03,  2.35891E-03,  2.15214E-03,  1.93082E-03,  1.69901E-03,  1.46061E-03,  1.21917E-03,  9.77860E-04,  7.39399E-04,  5.06079E-04,  2.79766E-04,  6.19349E-05, -1.46292E-04, -3.44105E-04, -5.30963E-04, -7.06553E-04, -8.70754E-04, -1.02360E-03, -1.16525E-03, -1.29597E-03, -1.41610E-03,
  6.13801E-03,  6.30656E-03,  6.48224E-03,  6.66559E-03,  6.85726E-03,  7.05795E-03,  7.26853E-03,  7.48998E-03,  7.72345E-03,  7.97034E-03,  8.23225E-03,  8.51115E-03,  8.80935E-03,  9.12963E-03,  9.47535E-03,  9.85052E-03,  1.02600E-02,  1.07097E-02,  1.12068E-02,  1.17599E-02,  1.23795E-02,  1.30785E-02,  1.38726E-02,  1.47809E-02,  1.58270E-02,  1.70396E-02,  1.84542E-02,NA,NA,NA,NA,NA,NA,NA,NA,NA,NA,NA,NA,NA,NA,NA,NA,NA,NA,NA,NA,NA,NA,NA,NA,NA,NA,NA,NA,NA,NA,NA,NA,NA,NA,NA,  3.36999E-03,  3.27361E-03,  3.18804E-03,  3.10108E-03,  3.00425E-03,  2.89216E-03,  2.76196E-03,  2.61280E-03,  2.44538E-03,  2.26142E-03,  2.06340E-03,  1.85416E-03,  1.63671E-03,  1.41404E-03,  1.18895E-03,  9.64031E-04,  7.41549E-04,  5.23462E-04,  3.11402E-04,  1.06693E-04, -8.96293E-05, -2.76789E-04, -4.54240E-04, -6.21637E-04, -7.78805E-04, -9.25711E-04, -1.06244E-03, -1.18918E-03, -1.30617E-03,
  6.01844E-03,  6.18213E-03,  6.35281E-03,  6.53105E-03,  6.71750E-03,  6.91288E-03,  7.11805E-03,  7.33403E-03,  7.56198E-03,  7.80329E-03,  8.05959E-03,  8.33280E-03,  8.62524E-03,  8.93963E-03,  9.27925E-03,  9.64798E-03,  1.00505E-02,  1.04924E-02,  1.09804E-02,  1.15226E-02,  1.21287E-02,  1.28103E-02,  1.35815E-02,  1.44592E-02,  1.54638E-02,  1.66197E-02,  1.79561E-02,  1.95080E-02,NA,NA,NA,NA,NA,NA,NA,NA,NA,NA,NA,NA,NA,NA,NA,NA,NA,NA,NA,NA,NA,NA,NA,NA,NA,NA,NA,NA,NA,NA,NA,NA,NA,  3.73954E-03,  3.54340E-03,  3.38306E-03,  3.24305E-03,  3.11159E-03,  2.98002E-03,  2.84244E-03,  2.69517E-03,  2.53636E-03,  2.36559E-03,  2.18350E-03,  1.99146E-03,  1.79133E-03,  1.58523E-03,  1.37537E-03,  1.16391E-03,  9.52904E-04,  7.44202E-04,  5.39436E-04,  3.40004E-04,  1.47063E-04, -3.84553E-05, -2.15834E-04, -3.84547E-04, -5.44242E-04, -6.94713E-04, -8.35884E-04, -9.67783E-04, -1.09053E-03, -1.20432E-03,
  5.90092E-03,  6.05987E-03,  6.22567E-03,  6.39889E-03,  6.58018E-03,  6.77028E-03,  6.97005E-03,  7.18048E-03,  7.40275E-03,  7.63822E-03,  7.88850E-03,  8.15549E-03,  8.44141E-03,  8.74891E-03,  9.08111E-03,  9.44172E-03,  9.83513E-03,  1.02666E-02,  1.07422E-02,  1.12694E-02,  1.18569E-02,  1.25151E-02,  1.32561E-02,  1.40946E-02,  1.50476E-02,  1.61351E-02,  1.73803E-02,  1.88101E-02,NA,NA,NA,NA,NA,NA,NA,NA,NA,NA,NA,NA,NA,NA,NA,NA,NA,NA,NA,NA,NA,NA,NA,NA,NA,NA,NA,NA,NA,NA,NA,NA,  4.25484E-03,  3.94464E-03,  3.69289E-03,  3.48211E-03,  3.29817E-03,  3.12994E-03,  2.96901E-03,  2.80925E-03,  2.64653E-03,  2.47836E-03,  2.30351E-03,  2.12181E-03,  1.93379E-03,  1.74053E-03,  1.54341E-03,  1.34399E-03,  1.14389E-03,  9.44687E-04,  7.47845E-04,  5.54701E-04,  3.66420E-04,  1.83993E-04,  8.23364E-06, -1.60213E-04, -3.20859E-04, -4.73363E-04, -6.17509E-04, -7.53193E-04, -8.80408E-04, -9.99226E-04, -1.10979E-03,
  5.78529E-03,  5.93959E-03,  6.10059E-03,  6.26885E-03,  6.44502E-03,  6.62982E-03,  6.82412E-03,  7.02889E-03,  7.24528E-03,  7.47462E-03,  7.71847E-03,  7.97865E-03,  8.25730E-03,  8.55693E-03,  8.88047E-03,  9.23138E-03,  9.61373E-03,  1.00323E-02,  1.04926E-02,  1.10014E-02,  1.15662E-02,  1.21960E-02,  1.29012E-02,  1.36941E-02,  1.45883E-02,  1.55999E-02,  1.67465E-02,  1.80478E-02,  1.95246E-02,NA,NA,NA,NA,NA,NA,NA,NA,NA,NA,NA,NA,NA,NA,NA,NA,NA,NA,NA,NA,NA,NA,NA,NA,NA,NA,NA,NA,NA,  5.41655E-03,  4.88934E-03,  4.46045E-03,  4.10871E-03,  3.81591E-03,  3.56668E-03,  3.34833E-03,  3.15064E-03,  2.96560E-03,  2.78719E-03,  2.61109E-03,  2.43439E-03,  2.25538E-03,  2.07326E-03,  1.88796E-03,  1.69992E-03,  1.50997E-03,  1.31912E-03,  1.12851E-03,  9.39330E-04,  7.52704E-04,  5.69693E-04,  3.91246E-04,  2.18192E-04,  5.12237E-05, -1.09095E-04, -2.62326E-04, -4.08152E-04, -5.46361E-04, -6.76836E-04, -7.99548E-04, -9.14535E-04, -1.02190E-03,
  5.67140E-03,  5.82111E-03,  5.97736E-03,  6.14069E-03,  6.31174E-03,  6.49122E-03,  6.67996E-03,  6.87892E-03,  7.08921E-03,  7.31210E-03,  7.54910E-03,  7.80192E-03,  8.07257E-03,  8.36341E-03,  8.67716E-03,  9.01698E-03,  9.38657E-03,  9.79022E-03,  1.02329E-02,  1.07203E-02,  1.12591E-02,  1.18569E-02,  1.25223E-02,  1.32652E-02,  1.40965E-02,  1.50283E-02,  1.60737E-02,  1.72461E-02,  1.85590E-02,  2.00244E-02,NA,NA,NA,NA,NA,NA,NA,NA,NA,NA,NA,NA,NA,NA,NA,NA,NA,NA,NA,NA,NA,NA,NA,NA,NA,NA,  7.04403E-03,  6.25942E-03,  5.60659E-03,  5.06404E-03,  4.61208E-03,  4.23310E-03,  3.91162E-03,  3.63434E-03,  3.39007E-03,  3.16957E-03,  2.96544E-03,  2.77193E-03,  2.58471E-03,  2.40072E-03,  2.21789E-03,  2.03506E-03,  1.85168E-03,  1.66774E-03,  1.48359E-03,  1.29983E-03,  1.11723E-03,  9.36606E-04,  7.58807E-04,  5.84647E-04,  4.14881E-04,  2.50179E-04,  9.11197E-05, -6.18180E-05, -2.08253E-04, -3.47900E-04, -4.80560E-04, -6.06118E-04, -7.24529E-04, -8.35813E-04, -9.40042E-04,
  5.55911E-03,  5.70429E-03,  5.85582E-03,  6.01423E-03,  6.18014E-03,  6.35424E-03,  6.53732E-03,  6.73032E-03,  6.93428E-03,  7.15043E-03,  7.38016E-03,  7.62509E-03,  7.88710E-03,  8.16834E-03,  8.47130E-03,  8.79883E-03,  9.15425E-03,  9.54132E-03,  9.96439E-03,  1.04284E-02,  1.09388E-02,  1.15021E-02,  1.21252E-02,  1.28157E-02,  1.35822E-02,  1.44335E-02,  1.53785E-02,  1.64261E-02,  1.75840E-02,  1.88577E-02,  2.02487E-02,NA,NA,NA,NA,NA,NA,NA,NA,NA,NA,NA,NA,NA,NA,NA,NA,NA,NA,NA,NA,NA,NA,  1.02520E-02,  9.04826E-03,  8.00989E-03,  7.12080E-03,  6.36378E-03,  5.72149E-03,  5.17711E-03,  4.71486E-03,  4.32028E-03,  3.98044E-03,  3.68399E-03,  3.42119E-03,  3.18385E-03,  2.96526E-03,  2.76005E-03,  2.56407E-03,  2.37420E-03,  2.18824E-03,  2.00475E-03,  1.82289E-03,  1.64230E-03,  1.46299E-03,  1.28522E-03,  1.10943E-03,  9.36176E-04,  7.66049E-04,  5.99653E-04,  4.37566E-04,  2.80319E-04,  1.28378E-04, -1.78606E-05, -1.58074E-04, -2.92015E-04, -4.19507E-04, -5.40440E-04, -6.54767E-04, -7.62493E-04, -8.63671E-04,
  5.44832E-03,  5.58901E-03,  5.73584E-03,  5.88933E-03,  6.05006E-03,  6.21872E-03,  6.39604E-03,  6.58292E-03,  6.78035E-03,  6.98945E-03,  7.21156E-03,  7.44814E-03,  7.70093E-03,  7.97187E-03,  8.26321E-03,  8.57749E-03,  8.91762E-03,  9.28686E-03,  9.68893E-03,  1.01280E-02,  1.06086E-02,  1.11359E-02,  1.17153E-02,  1.23529E-02,  1.30547E-02,  1.38269E-02,  1.46755E-02,  1.56054E-02,  1.66203E-02,  1.77210E-02,  1.89048E-02,  2.01629E-02,NA,NA,NA,NA,NA,NA,NA,NA,NA,NA,NA,NA,NA,NA,NA,NA,NA,NA,NA,NA,  1.12264E-02,  9.99455E-03,  8.90437E-03,  7.94828E-03,  7.11588E-03,  6.39510E-03,  5.77310E-03,  5.23700E-03,  4.77436E-03,  4.37350E-03,  4.02373E-03,  3.71553E-03,  3.44053E-03,  3.19158E-03,  2.96270E-03,  2.74898E-03,  2.54652E-03,  2.35229E-03,  2.16406E-03,  1.98024E-03,  1.79979E-03,  1.62211E-03,  1.44697E-03,  1.27436E-03,  1.10448E-03,  9.37638E-04,  7.74236E-04,  6.14692E-04,  4.59432E-04,  3.08858E-04,  1.63336E-04,  2.31837E-05, -1.11335E-04, -2.40012E-04, -3.62697E-04, -4.79292E-04, -5.89752E-04, -6.94076E-04, -7.92305E-04,
  5.33895E-03,  5.47517E-03,  5.61731E-03,  5.76586E-03,  5.92140E-03,  6.08454E-03,  6.25601E-03,  6.43662E-03,  6.62731E-03,  6.82914E-03,  7.04329E-03,  7.27114E-03,  7.51423E-03,  7.77433E-03,  8.05340E-03,  8.35369E-03,  8.67770E-03,  9.02823E-03,  9.40839E-03,  9.82160E-03,  1.02716E-02,  1.07624E-02,  1.12981E-02,  1.18833E-02,  1.25221E-02,  1.32186E-02,  1.39763E-02,  1.47974E-02,  1.56827E-02,  1.66303E-02,  1.76345E-02,  1.86852E-02,  1.97660E-02,NA,NA,NA,NA,NA,NA,NA,NA,NA,NA,NA,NA,NA,NA,NA,NA,NA,NA,  1.19755E-02,  1.07709E-02,  9.67700E-03,  8.69446E-03,  7.81986E-03,  7.04691E-03,  6.36747E-03,  5.77233E-03,  5.25181E-03,  4.79626E-03,  4.39637E-03,  4.04345E-03,  3.72959E-03,  3.44772E-03,  3.19166E-03,  2.95617E-03,  2.73682E-03,  2.53005E-03,  2.33298E-03,  2.14343E-03,  1.95975E-03,  1.78081E-03,  1.60586E-03,  1.43445E-03,  1.26641E-03,  1.10174E-03,  9.40569E-04,  7.83125E-04,  6.29678E-04,  4.80523E-04,  3.35951E-04,  1.96237E-04,  6.16276E-05, -6.76701E-05, -1.91489E-04, -3.09705E-04, -4.22236E-04, -5.29044E-04, -6.30126E-04, -7.25516E-04,
  5.23091E-03,  5.36269E-03,  5.50015E-03,  5.64376E-03,  5.79406E-03,  5.95163E-03,  6.11716E-03,  6.29139E-03,  6.47518E-03,  6.66951E-03,  6.87546E-03,  7.09426E-03,  7.32730E-03,  7.57612E-03,  7.84246E-03,  8.12824E-03,  8.43560E-03,  8.76689E-03,  9.12468E-03,  9.51172E-03,  9.93095E-03,  1.03854E-02,  1.08783E-02,  1.14126E-02,  1.19912E-02,  1.26165E-02,  1.32900E-02,  1.40122E-02,  1.47818E-02,  1.55952E-02,  1.64456E-02,  1.73224E-02,  1.82103E-02,  1.90884E-02,  1.99304E-02,NA,NA,NA,NA,NA,NA,NA,NA,NA,NA,NA,NA,NA,NA,  1.36692E-02,  1.24751E-02,  1.13447E-02,  1.02910E-02,  9.32128E-03,  8.43859E-03,  7.64221E-03,  6.92883E-03,  6.29324E-03,  5.72903E-03,  5.22909E-03,  4.78607E-03,  4.39268E-03,  4.04193E-03,  3.72733E-03,  3.44297E-03,  3.18360E-03,  2.94467E-03,  2.72226E-03,  2.51316E-03,  2.31470E-03,  2.12481E-03,  1.94186E-03,  1.76467E-03,  1.59239E-03,  1.42448E-03,  1.26060E-03,  1.10063E-03,  9.44548E-04,  7.92449E-04,  6.44482E-04,  5.00829E-04,  3.61689E-04,  2.27256E-04,  9.77104E-05, -2.67902E-05, -1.46118E-04, -2.60176E-04, -3.68901E-04, -4.72262E-04, -5.70261E-04, -6.62926E-04,
  5.12418E-03,  5.25153E-03,  5.38431E-03,  5.52298E-03,  5.66801E-03,  5.81997E-03,  5.97948E-03,  6.14723E-03,  6.32401E-03,  6.51068E-03,  6.70823E-03,  6.91776E-03,  7.14048E-03,  7.37775E-03,  7.63105E-03,  7.90203E-03,  8.19248E-03,  8.50432E-03,  8.83964E-03,  9.20061E-03,  9.58949E-03,  1.00085E-02,  1.04600E-02,  1.09458E-02,  1.14677E-02,  1.20268E-02,  1.26234E-02,  1.32566E-02,  1.39240E-02,  1.46210E-02,  1.53405E-02,  1.60724E-02,  1.68028E-02,  1.75140E-02,  1.81846E-02,  1.87898E-02,  1.93023E-02,  1.96947E-02,NA,NA,NA,NA,NA,NA,NA,NA,  1.58588E-02,  1.48269E-02,  1.37737E-02,  1.27254E-02,  1.17038E-02,  1.07256E-02,  9.80312E-03,  8.94403E-03,  8.15250E-03,  7.42961E-03,  6.77411E-03,  6.18294E-03,  5.65182E-03,  5.17567E-03,  4.74900E-03,  4.36617E-03,  4.02166E-03,  3.71020E-03,  3.42691E-03,  3.16738E-03,  2.92769E-03,  2.70446E-03,  2.49479E-03,  2.29629E-03,  2.10701E-03,  1.92540E-03,  1.75028E-03,  1.58076E-03,  1.41622E-03,  1.25625E-03,  1.10061E-03,  9.49178E-04,  8.01942E-04,  6.58953E-04,  5.20304E-04,  3.86114E-04,  2.56510E-04,  1.31613E-04,  1.15361E-05, -1.03629E-04, -2.13813E-04, -3.18970E-04, -4.19079E-04, -5.14147E-04, -6.04201E-04,
  5.01870E-03,  5.14165E-03,  5.26977E-03,  5.40349E-03,  5.54325E-03,  5.68957E-03,  5.84301E-03,  6.00421E-03,  6.17388E-03,  6.35279E-03,  6.54183E-03,  6.74194E-03,  6.95419E-03,  7.17975E-03,  7.41988E-03,  7.67596E-03,  7.94945E-03,  8.24192E-03,  8.55501E-03,  8.89039E-03,  9.24973E-03,  9.63464E-03,  1.00466E-02,  1.04868E-02,  1.09559E-02,  1.14544E-02,  1.19814E-02,  1.25354E-02,  1.31131E-02,  1.37098E-02,  1.43185E-02,  1.49298E-02,  1.55316E-02,  1.61093E-02,  1.66454E-02,  1.71206E-02,  1.75144E-02,  1.78064E-02,  1.79781E-02,  1.80146E-02,  1.79062E-02,  1.76496E-02,  1.72489E-02,  1.67150E-02,  1.60646E-02,  1.53188E-02,  1.45013E-02,  1.36364E-02,  1.27472E-02,  1.18548E-02,  1.09769E-02,  1.01280E-02,  9.31904E-03,  8.55760E-03,  7.84836E-03,  7.19346E-03,  6.59300E-03,  6.04546E-03,  5.54818E-03,  5.09763E-03,  4.68980E-03,  4.32042E-03,  3.98517E-03,  3.67983E-03,  3.40043E-03,  3.14329E-03,  2.90510E-03,  2.68292E-03,  2.47424E-03,  2.27691E-03,  2.08913E-03,  1.90948E-03,  1.73678E-03,  1.57018E-03,  1.40900E-03,  1.25278E-03,  1.10121E-03,  9.54098E-04,  8.11349E-04,  6.72936E-04,  5.38883E-04,  4.09241E-04,  2.84080E-04,  1.63474E-04,  4.74933E-05, -6.38021E-05, -1.70367E-04, -2.72173E-04, -3.69211E-04, -4.61493E-04, -5.49049E-04,
  4.91448E-03,  5.03304E-03,  5.15652E-03,  5.28530E-03,  5.41978E-03,  5.56045E-03,  5.70780E-03,  5.86242E-03,  6.02493E-03,  6.19603E-03,  6.37649E-03,  6.56712E-03,  6.76886E-03,  6.98268E-03,  7.20965E-03,  7.45089E-03,  7.70759E-03,  7.98100E-03,  8.27236E-03,  8.58292E-03,  8.91386E-03,  9.26626E-03,  9.64099E-03,  1.00386E-02,  1.04593E-02,  1.09025E-02,  1.13672E-02,  1.18510E-02,  1.23507E-02,  1.28613E-02,  1.33763E-02,  1.38875E-02,  1.43844E-02,  1.48548E-02,  1.52848E-02,  1.56592E-02,  1.59626E-02,  1.61797E-02,  1.62971E-02,  1.63042E-02,  1.61943E-02,  1.59654E-02,  1.56208E-02,  1.51686E-02,  1.46213E-02,  1.39946E-02,  1.33064E-02,  1.25752E-02,  1.18191E-02,  1.10548E-02,  1.02969E-02,  9.55765E-03,  8.84664E-03,  8.17099E-03,  7.53543E-03,  6.94270E-03,  6.39376E-03,  5.88819E-03,  5.42446E-03,  5.00027E-03,  4.61276E-03,  4.25875E-03,  3.93492E-03,  3.63794E-03,  3.36460E-03,  3.11188E-03,  2.87700E-03,  2.65748E-03,  2.45110E-03,  2.25599E-03,  2.07053E-03,  1.89340E-03,  1.72351E-03,  1.56001E-03,  1.40223E-03,  1.24969E-03,  1.10202E-03,  9.58990E-04,  8.20437E-04,  6.86283E-04,  5.56491E-04,  4.31063E-04,  3.10021E-04,  1.93398E-04,  8.12296E-05, -2.64528E-05, -1.29626E-04, -2.28278E-04, -3.22412E-04, -4.12045E-04, -4.97209E-04,
  4.81149E-03,  4.92571E-03,  5.04457E-03,  5.16843E-03,  5.29765E-03,  5.43267E-03,  5.57394E-03,  5.72198E-03,  5.87733E-03,  6.04061E-03,  6.21249E-03,  6.39367E-03,  6.58493E-03,  6.78709E-03,  7.00102E-03,  7.22765E-03,  7.46790E-03,  7.72273E-03,  7.99307E-03,  8.27980E-03,  8.58372E-03,  8.90546E-03,  9.24543E-03,  9.60374E-03,  9.98005E-03,  1.03735E-02,  1.07825E-02,  1.12047E-02,  1.16365E-02,  1.20735E-02,  1.25096E-02,  1.29376E-02,  1.33486E-02,  1.37326E-02,  1.40785E-02,  1.43744E-02,  1.46084E-02,  1.47690E-02,  1.48466E-02,  1.48333E-02,  1.47245E-02,  1.45192E-02,  1.42198E-02,  1.38327E-02,  1.33672E-02,  1.28353E-02,  1.22506E-02,  1.16274E-02,  1.09799E-02,  1.03214E-02,  9.66396E-03,  9.01774E-03,  8.39112E-03,  7.79054E-03,  7.22060E-03,  6.68426E-03,  6.18301E-03,  5.71714E-03,  5.28599E-03,  4.88814E-03,  4.52164E-03,  4.18417E-03,  3.87322E-03,  3.58621E-03,  3.32056E-03,  3.07384E-03,  2.84373E-03,  2.62813E-03,  2.42516E-03,  2.23318E-03,  2.05075E-03,  1.87667E-03,  1.70995E-03,  1.54976E-03,  1.39548E-03,  1.24658E-03,  1.10271E-03,  9.63582E-04,  8.29005E-04,  6.98855E-04,  5.73055E-04,  4.51566E-04,  3.34370E-04,  2.21468E-04,  1.12866E-04,  8.57155E-06, -9.14118E-05, -1.87087E-04, -2.78468E-04, -3.65577E-04, -4.48450E-04,
  4.70976E-03,  4.81967E-03,  4.93395E-03,  5.05292E-03,  5.17691E-03,  5.30631E-03,  5.44153E-03,  5.58301E-03,  5.73124E-03,  5.88675E-03,  6.05011E-03,  6.22191E-03,  6.40282E-03,  6.59349E-03,  6.79464E-03,  7.00699E-03,  7.23126E-03,  7.46815E-03,  7.71833E-03,  7.98240E-03,  8.26080E-03,  8.55386E-03,  8.86163E-03,  9.18387E-03,  9.51993E-03,  9.86867E-03,  1.02283E-02,  1.05964E-02,  1.09696E-02,  1.13437E-02,  1.17133E-02,  1.20721E-02,  1.24127E-02,  1.27269E-02,  1.30057E-02,  1.32399E-02,  1.34201E-02,  1.35380E-02,  1.35860E-02,  1.35586E-02,  1.34527E-02,  1.32674E-02,  1.30051E-02,  1.26704E-02,  1.22707E-02,  1.18151E-02,  1.13141E-02,  1.07789E-02,  1.02205E-02,  9.64990E-03,  9.07671E-03,  8.50956E-03,  7.95563E-03,  7.42064E-03,  6.90891E-03,  6.42341E-03,  5.96592E-03,  5.53721E-03,  5.13719E-03,  4.76511E-03,  4.41971E-03,  4.09936E-03,  3.80219E-03,  3.52624E-03,  3.26947E-03,  3.02992E-03,  2.80570E-03,  2.59506E-03,  2.39640E-03,  2.20830E-03,  2.02951E-03,  1.85896E-03,  1.69573E-03,  1.53907E-03,  1.38837E-03,  1.24314E-03,  1.10300E-03,  9.67650E-04,  8.36881E-04,  7.10537E-04,  5.88511E-04,  4.70731E-04,  3.57153E-04,  2.47750E-04,  1.42503E-04,  4.14005E-05, -5.55709E-05, -1.48427E-04, -2.37191E-04, -3.21892E-04, -4.02569E-04,
  4.60930E-03,  4.71495E-03,  4.82469E-03,  4.93882E-03,  5.05763E-03,  5.18146E-03,  5.31068E-03,  5.44566E-03,  5.58685E-03,  5.73467E-03,  5.88962E-03,  6.05220E-03,  6.22294E-03,  6.40238E-03,  6.59108E-03,  6.78959E-03,  6.99845E-03,  7.21816E-03,  7.44916E-03,  7.69181E-03,  7.94631E-03,  8.21271E-03,  8.49081E-03,  8.78015E-03,  9.07986E-03,  9.38864E-03,  9.70467E-03,  1.00255E-02,  1.03481E-02,  1.06684E-02,  1.09819E-02,  1.12832E-02,  1.15659E-02,  1.18235E-02,  1.20486E-02,  1.22339E-02,  1.23723E-02,  1.24574E-02,  1.24835E-02,  1.24465E-02,  1.23443E-02,  1.21764E-02,  1.19446E-02,  1.16528E-02,  1.13065E-02,  1.09129E-02,  1.04802E-02,  1.00171E-02,  9.53250E-03,  9.03512E-03,  8.53296E-03,  8.03317E-03,  7.54189E-03,  7.06418E-03,  6.60396E-03,  6.16410E-03,  5.74652E-03,  5.35227E-03,  4.98165E-03,  4.63441E-03,  4.30978E-03,  4.00668E-03,  3.72376E-03,  3.45954E-03,  3.21245E-03,  2.98093E-03,  2.76344E-03,  2.55855E-03,  2.36491E-03,  2.18131E-03,  2.00667E-03,  1.84003E-03,  1.68059E-03,  1.52766E-03,  1.38065E-03,  1.23912E-03,  1.10267E-03,  9.71014E-04,  8.43925E-04,  7.21231E-04,  6.02801E-04,  4.88545E-04,  3.78393E-04,  2.72300E-04,  1.70227E-04,  7.21459E-05, -2.19697E-05, -1.12147E-04, -1.98417E-04, -2.80815E-04, -3.59382E-04,
  4.51013E-03,  4.61157E-03,  4.71684E-03,  4.82618E-03,  4.93987E-03,  5.05821E-03,  5.18150E-03,  5.31009E-03,  5.44433E-03,  5.58460E-03,  5.73130E-03,  5.88485E-03,  6.04567E-03,  6.21419E-03,  6.39085E-03,  6.57604E-03,  6.77014E-03,  6.97350E-03,  7.18637E-03,  7.40891E-03,  7.64113E-03,  7.88290E-03,  8.13383E-03,  8.39329E-03,  8.66030E-03,  8.93349E-03,  9.21107E-03,  9.49070E-03,  9.76952E-03,  1.00441E-02,  1.03102E-02,  1.05634E-02,  1.07985E-02,  1.10098E-02,  1.11917E-02,  1.13382E-02,  1.14439E-02,  1.15037E-02,  1.15134E-02,  1.14701E-02,  1.13721E-02,  1.12192E-02,  1.10130E-02,  1.07564E-02,  1.04540E-02,  1.01113E-02,  9.73470E-03,  9.33126E-03,  8.90808E-03,  8.47214E-03,  8.03006E-03,  7.58780E-03,  7.15062E-03,  6.72291E-03,  6.30822E-03,  5.90924E-03,  5.52790E-03,  5.16539E-03,  4.82230E-03,  4.49870E-03,  4.19421E-03,  3.90816E-03,  3.63961E-03,  3.38748E-03,  3.15056E-03,  2.92765E-03,  2.71750E-03,  2.51895E-03,  2.33088E-03,  2.15226E-03,  1.98217E-03,  1.81979E-03,  1.66438E-03,  1.51534E-03,  1.37214E-03,  1.23433E-03,  1.10156E-03,  9.73536E-04,  8.50031E-04,  7.30861E-04,  6.15885E-04,  5.04997E-04,  3.98112E-04,  2.95167E-04,  1.96113E-04,  1.00906E-04,  9.50923E-06, -7.81136E-05, -1.62000E-04, -2.42189E-04, -3.18726E-04,
  4.41229E-03,  4.50959E-03,  4.61044E-03,  4.71507E-03,  4.82373E-03,  4.93665E-03,  5.05412E-03,  5.17642E-03,  5.30385E-03,  5.43673E-03,  5.57539E-03,  5.72015E-03,  5.87136E-03,  6.02933E-03,  6.19440E-03,  6.36684E-03,  6.54690E-03,  6.73479E-03,  6.93061E-03,  7.13436E-03,  7.34594E-03,  7.56504E-03,  7.79118E-03,  8.02361E-03,  8.26130E-03,  8.50289E-03,  8.74662E-03,  8.99034E-03,  9.23144E-03,  9.46686E-03,  9.69306E-03,  9.90610E-03,  1.01017E-02,  1.02753E-02,  1.04221E-02,  1.05376E-02,  1.06175E-02,  1.06578E-02,  1.06553E-02,  1.06079E-02,  1.05142E-02,  1.03744E-02,  1.01897E-02,  9.96255E-03,  9.69645E-03,  9.39585E-03,  9.06590E-03,  8.71214E-03,  8.34034E-03,  7.95620E-03,  7.56515E-03,  7.17221E-03,  6.78181E-03,  6.39780E-03,  6.02333E-03,  5.66089E-03,  5.31234E-03,  4.97895E-03,  4.66146E-03,  4.36017E-03,  4.07499E-03,  3.80556E-03,  3.55125E-03,  3.31129E-03,  3.08480E-03,  2.87084E-03,  2.66843E-03,  2.47664E-03,  2.29453E-03,  2.12127E-03,  1.95605E-03,  1.79818E-03,  1.64702E-03,  1.50201E-03,  1.36269E-03,  1.22865E-03,  1.09955E-03,  9.75117E-04,  8.55119E-04,  7.39374E-04,  6.27735E-04,  5.20085E-04,  4.16332E-04,  3.16401E-04,  2.20230E-04,  1.27769E-04,  3.89715E-05, -4.62062E-05, -1.27806E-04, -2.05873E-04, -2.80453E-04,
  4.31581E-03,  4.40903E-03,  4.50555E-03,  4.60556E-03,  4.70927E-03,  4.81689E-03,  4.92865E-03,  5.04480E-03,  5.16559E-03,  5.29128E-03,  5.42211E-03,  5.55837E-03,  5.70030E-03,  5.84814E-03,  6.00212E-03,  6.16242E-03,  6.32918E-03,  6.50250E-03,  6.68235E-03,  6.86866E-03,  7.06117E-03,  7.25951E-03,  7.46310E-03,  7.67115E-03,  7.88262E-03,  8.09618E-03,  8.31017E-03,  8.52262E-03,  8.73119E-03,  8.93317E-03,  9.12554E-03,  9.30493E-03,  9.46777E-03,  9.61030E-03,  9.72873E-03,  9.81936E-03,  9.87876E-03,  9.90389E-03,  9.89232E-03,  9.84236E-03,  9.75317E-03,  9.62484E-03,  9.45843E-03,  9.25593E-03,  9.02018E-03,  8.75474E-03,  8.46373E-03,  8.15164E-03,  7.82313E-03,  7.48287E-03,  7.13537E-03,  6.78481E-03,  6.43499E-03,  6.08922E-03,  5.75030E-03,  5.42049E-03,  5.10156E-03,  4.79477E-03,  4.50096E-03,  4.22059E-03,  3.95376E-03,  3.70033E-03,  3.45994E-03,  3.23207E-03,  3.01606E-03,  2.81122E-03,  2.61679E-03,  2.43201E-03,  2.25615E-03,  2.08850E-03,  1.92839E-03,  1.77523E-03,  1.62847E-03,  1.48761E-03,  1.35225E-03,  1.22201E-03,  1.09657E-03,  9.75692E-04,  8.59139E-04,  7.46736E-04,  6.38335E-04,  5.33816E-04,  4.33080E-04,  3.36045E-04,  2.42644E-04,  1.52817E-04,  6.65131E-05, -1.63166E-05, -9.57187E-05, -1.71740E-04, -2.44429E-04,
  4.22073E-03,  4.30996E-03,  4.40223E-03,  4.49771E-03,  4.59657E-03,  4.69901E-03,  4.80521E-03,  4.91537E-03,  5.02970E-03,  5.14840E-03,  5.27168E-03,  5.39974E-03,  5.53275E-03,  5.67090E-03,  5.81431E-03,  5.96311E-03,  6.11733E-03,  6.27698E-03,  6.44197E-03,  6.61210E-03,  6.78708E-03,  6.96645E-03,  7.14960E-03,  7.33572E-03,  7.52378E-03,  7.71251E-03,  7.90039E-03,  8.08561E-03,  8.26610E-03,  8.43949E-03,  8.60317E-03,  8.75429E-03,  8.88988E-03,  9.00683E-03,  9.10206E-03,  9.17260E-03,  9.21572E-03,  9.22905E-03,  9.21072E-03,  9.15943E-03,  9.07460E-03,  8.95636E-03,  8.80562E-03,  8.62400E-03,  8.41382E-03,  8.17795E-03,  7.91973E-03,  7.64280E-03,  7.35097E-03,  7.04809E-03,  6.73790E-03,  6.42392E-03,  6.10937E-03,  5.79712E-03,  5.48964E-03,  5.18897E-03,  4.89675E-03,  4.61422E-03,  4.34224E-03,  4.08136E-03,  3.83185E-03,  3.59372E-03,  3.36680E-03,  3.15075E-03,  2.94514E-03,  2.74944E-03,  2.56308E-03,  2.38548E-03,  2.21603E-03,  2.05416E-03,  1.89932E-03,  1.75101E-03,  1.60876E-03,  1.47214E-03,  1.34078E-03,  1.21436E-03,  1.09259E-03,  9.75222E-04,  8.62062E-04,  7.52932E-04,  6.47686E-04,  5.46205E-04,  4.48388E-04,  3.54149E-04,  2.63415E-04,  1.76126E-04,  9.22229E-05,  1.16551E-05, -6.56271E-05, -1.39672E-04, -2.10530E-04,
  4.12708E-03,  4.21240E-03,  4.30052E-03,  4.39157E-03,  4.48572E-03,  4.58310E-03,  4.68389E-03,  4.78824E-03,  4.89631E-03,  5.00827E-03,  5.12427E-03,  5.24445E-03,  5.36894E-03,  5.49785E-03,  5.63125E-03,  5.76918E-03,  5.91162E-03,  6.05851E-03,  6.20968E-03,  6.36489E-03,  6.52378E-03,  6.68587E-03,  6.85052E-03,  7.01694E-03,  7.18412E-03,  7.35090E-03,  7.51585E-03,  7.67737E-03,  7.83360E-03,  7.98249E-03,  8.12180E-03,  8.24912E-03,  8.36195E-03,  8.45774E-03,  8.53396E-03,  8.58823E-03,  8.61836E-03,  8.62249E-03,  8.59916E-03,  8.54739E-03,  8.46677E-03,  8.35745E-03,  8.22022E-03,  8.05641E-03,  7.86792E-03,  7.65710E-03,  7.42667E-03,  7.17960E-03,  6.91904E-03,  6.64816E-03,  6.37008E-03,  6.08777E-03,  5.80397E-03,  5.52117E-03,  5.24153E-03,  4.96689E-03,  4.69875E-03,  4.43828E-03,  4.18637E-03,  3.94361E-03,  3.71035E-03,  3.48674E-03,  3.27274E-03,  3.06817E-03,  2.87275E-03,  2.68610E-03,  2.50780E-03,  2.33741E-03,  2.17445E-03,  2.01846E-03,  1.86899E-03,  1.72561E-03,  1.58794E-03,  1.45561E-03,  1.32829E-03,  1.20570E-03,  1.08757E-03,  9.73697E-04,  8.63882E-04,  7.57962E-04,  6.55799E-04,  5.57276E-04,  4.62291E-04,  3.70759E-04,  2.82607E-04,  1.97768E-04,  1.16184E-04,  3.78016E-05, -3.74309E-05, -1.09563E-04, -1.78645E-04,
  4.03491E-03,  4.11641E-03,  4.20048E-03,  4.28723E-03,  4.37677E-03,  4.46925E-03,  4.56479E-03,  4.66352E-03,  4.76555E-03,  4.87102E-03,  4.98003E-03,  5.09267E-03,  5.20904E-03,  5.32918E-03,  5.45311E-03,  5.58082E-03,  5.71224E-03,  5.84723E-03,  5.98561E-03,  6.12708E-03,  6.27126E-03,  6.41763E-03,  6.56558E-03,  6.71432E-03,  6.86291E-03,  7.01026E-03,  7.15510E-03,  7.29596E-03,  7.43122E-03,  7.55910E-03,  7.67766E-03,  7.78488E-03,  7.87866E-03,  7.95687E-03,  8.01747E-03,  8.05851E-03,  8.07825E-03,  8.07520E-03,  8.04822E-03,  7.99657E-03,  7.91996E-03,  7.81857E-03,  7.69306E-03,  7.54455E-03,  7.37460E-03,  7.18515E-03,  6.97842E-03,  6.75687E-03,  6.52309E-03,  6.27974E-03,  6.02941E-03,  5.77462E-03,  5.51772E-03,  5.26085E-03,  5.00590E-03,  4.75452E-03,  4.50807E-03,  4.26767E-03,  4.03417E-03,  3.80818E-03,  3.59012E-03,  3.38022E-03,  3.17854E-03,  2.98502E-03,  2.79950E-03,  2.62172E-03,  2.45139E-03,  2.28818E-03,  2.13171E-03,  1.98162E-03,  1.83756E-03,  1.69916E-03,  1.56610E-03,  1.43808E-03,  1.31481E-03,  1.19604E-03,  1.08154E-03,  9.71126E-04,  8.64609E-04,  7.61843E-04,  6.62697E-04,  5.67059E-04,  4.74831E-04,  3.85929E-04,  3.00278E-04,  2.17814E-04,  1.38476E-04,  6.22099E-05, -1.10360E-05, -8.13120E-05, -1.48667E-04,
  3.94424E-03,  4.02203E-03,  4.10216E-03,  4.18472E-03,  4.26981E-03,  4.35754E-03,  4.44800E-03,  4.54130E-03,  4.63752E-03,  4.73676E-03,  4.83908E-03,  4.94454E-03,  5.05319E-03,  5.16503E-03,  5.28004E-03,  5.39816E-03,  5.51928E-03,  5.64324E-03,  5.76980E-03,  5.89865E-03,  6.02938E-03,  6.16150E-03,  6.29437E-03,  6.42727E-03,  6.55932E-03,  6.68950E-03,  6.81667E-03,  6.93952E-03,  7.05663E-03,  7.16645E-03,  7.26732E-03,  7.35752E-03,  7.43530E-03,  7.49889E-03,  7.54660E-03,  7.57685E-03,  7.58824E-03,  7.57959E-03,  7.55000E-03,  7.49890E-03,  7.42610E-03,  7.33178E-03,  7.21650E-03,  7.08121E-03,  6.92721E-03,  6.75609E-03,  6.56970E-03,  6.37008E-03,  6.15938E-03,  5.93981E-03,  5.71357E-03,  5.48279E-03,  5.24948E-03,  5.01549E-03,  4.78248E-03,  4.55191E-03,  4.32503E-03,  4.10286E-03,  3.88622E-03,  3.67573E-03,  3.47184E-03,  3.27483E-03,  3.08484E-03,  2.90189E-03,  2.72591E-03,  2.55677E-03,  2.39425E-03,  2.23811E-03,  2.08808E-03,  1.94387E-03,  1.80520E-03,  1.67178E-03,  1.54334E-03,  1.41962E-03,  1.30039E-03,  1.18543E-03,  1.07453E-03,  9.67533E-04,  8.64268E-04,  7.64601E-04,  6.68411E-04,  5.75592E-04,  4.86052E-04,  3.99709E-04,  3.16490E-04,  2.36332E-04,  1.59174E-04,  8.49627E-05,  1.36460E-05, -5.48256E-05, -1.20501E-04,
  3.85512E-03,  3.92930E-03,  4.00560E-03,  4.08410E-03,  4.16488E-03,  4.24801E-03,  4.33358E-03,  4.42166E-03,  4.51231E-03,  4.60559E-03,  4.70153E-03,  4.80016E-03,  4.90150E-03,  5.00550E-03,  5.11213E-03,  5.22128E-03,  5.33282E-03,  5.44654E-03,  5.56221E-03,  5.67949E-03,  5.79796E-03,  5.91715E-03,  6.03645E-03,  6.15516E-03,  6.27248E-03,  6.38748E-03,  6.49912E-03,  6.60626E-03,  6.70764E-03,  6.80191E-03,  6.88766E-03,  6.96343E-03,  7.02773E-03,  7.07910E-03,  7.11616E-03,  7.13759E-03,  7.14228E-03,  7.12927E-03,  7.09786E-03,  7.04762E-03,  6.97840E-03,  6.89041E-03,  6.78411E-03,  6.66032E-03,  6.52011E-03,  6.36483E-03,  6.19600E-03,  6.01532E-03,  5.82460E-03,  5.62569E-03,  5.42045E-03,  5.21069E-03,  4.99813E-03,  4.78438E-03,  4.57090E-03,  4.35898E-03,  4.14974E-03,  3.94414E-03,  3.74294E-03,  3.54675E-03,  3.35603E-03,  3.17110E-03,  2.99215E-03,  2.81926E-03,  2.65246E-03,  2.49165E-03,  2.33673E-03,  2.18751E-03,  2.04381E-03,  1.90541E-03,  1.77208E-03,  1.64361E-03,  1.51976E-03,  1.40032E-03,  1.28510E-03,  1.17391E-03,  1.06658E-03,  9.62957E-04,  8.62895E-04,  7.66273E-04,  6.72981E-04,  5.82920E-04,  4.96004E-04,  4.12156E-04,  3.31305E-04,  2.53390E-04,  1.78352E-04,  1.06139E-04,  3.66987E-05, -3.00160E-05, -9.40530E-05,
